16
50,65
66,85,24
17,74,57,54
51,68,76,25,20
35,49,28,42,40,37
18,51,15,24,38,67,64
55,71,20,21,42,35,62,13
63,66,97,22,87,43,80,31,13
81,13,28,81,93,72,59,56,74,57
50,50,34,43,91,97,83,46,37,13,13
62,10,29,44,35,67,31,93,11,67,71,77
99,13,84,24,50,15,90,43,31,17,91,30,95
87,39,19,43,11,51,19,46,46,95,75,73,18,65
14,38,97,41,97,99,55,60,44,60,54,15,74,16,21
89,67,76,71,57,64,29,53,64,16,33,88,48,91,80,32
44,87,22,23,33,21,45,71,14,99,43,97,48,23,78,73,67
88,12,91,26,85,10,36,23,85,65,78,57,91,38,21,19,25,86
25,28,42,20,46,88,52,74,25,99,71,26,84,95,95,70,37,60,11
12,22,26,21,56,42,52,55,31,58,52,94,18,55,12,47,33,11,16,34
71,98,47,93,13,23,98,69,13,30,99,54,24,29,38,63,57,88,83,88,63
85,33,43,48,38,95,14,71,64,99,16,79,96,52,24,88,59,98,52,75,80,76
88,67,75,24,31,37,82,88,79,99,80,78,47,72,55,85,42,39,50,81,93,64,46
27,20,31,28,29,40,57,32,92,68,38,45,91,60,62,71,41,90,97,78,56,66,18,50
93,46,66,63,35,58,88,11,81,45,43,10,94,55,61,71,20,19,61,24,87,20,66,84,64
49,64,50,50,10,86,56,58,22,70,67,37,13,59,28,29,79,97,19,60,80,69,65,38,24,19
36,84,24,46,76,18,85,70,51,54,90,32,47,18,85,86,88,45,39,24,92,50,80,39,48,52,39
80,29,13,24,68,85,40,77,71,21,70,42,38,87,35,27,57,20,51,54,15,76,88,66,54,70,27,23
79,89,83,18,98,77,13,49,99,83,96,87,94,58,22,11,29,27,56,33,24,23,49,99,64,18,26,29,82
97,21,90,90,36,73,71,55,95,90,86,86,95,94,28,32,82,56,65,48,41,25,70,30,55,96,73,64,23,61
23,10,15,90,82,56,42,99,13,30,17,42,52,20,50,23,60,80,93,78,29,29,66,49,25,68,86,85,31,94,55
92,46,13,50,64,80,63,99,78,31,89,53,10,77,56,33,49,17,36,32,27,90,26,63,53,35,47,99,16,72,50,94
43,31,77,20,77,39,93,59,77,28,90,31,96,84,44,89,62,63,88,11,19,29,66,38,35,22,49,63,76,29,12,34,68
92,47,13,58,98,86,57,32,16,99,94,22,97,98,41,51,75,49,18,69,49,53,57,46,94,72,37,49,44,31,19,26,52,17
14,54,36,78,52,56,75,49,70,93,66,88,79,64,69,90,96,55,15,15,93,31,16,24,99,82,56,90,32,98,42,69,21,81,37
51,19,94,92,51,35,77,98,34,47,29,71,32,49,52,61,94,47,64,44,88,50,45,93,71,59,43,99,43,73,47,87,59,12,65,91
69,31,49,69,14,11,51,32,83,42,72,76,87,72,14,90,40,89,80,91,28,30,16,71,63,28,62,29,43,79,94,67,77,10,12,66,74
63,40,90,37,52,67,55,99,46,17,25,18,96,53,44,22,10,98,53,84,27,89,38,31,60,89,97,19,86,92,34,36,50,46,53,84,28,95
91,18,28,39,71,46,30,27,14,53,30,86,98,15,26,26,41,78,85,54,16,13,27,89,67,75,78,67,86,58,84,90,26,57,57,81,82,28,48
51,49,24,98,18,90,80,92,68,29,78,26,51,33,40,72,71,66,27,18,32,79,72,72,80,86,57,87,36,33,58,93,64,89,83,59,87,81,31,10
98,12,18,92,89,49,73,53,16,52,77,93,35,71,29,38,33,59,51,38,95,82,26,23,41,39,79,82,23,71,10,32,87,13,14,91,61,19,51,77,63
84,10,44,32,85,77,35,70,78,58,42,52,55,27,64,70,78,12,61,22,13,11,15,86,30,15,15,77,33,23,19,95,24,63,66,99,50,96,28,88,71,18
17,82,66,52,83,57,52,93,91,37,62,13,32,89,74,60,29,73,97,41,64,81,31,66,39,95,80,67,51,19,20,23,59,69,18,41,50,88,61,56,16,92,18
73,80,52,52,48,18,94,87,12,90,45,65,68,74,52,20,47,49,48,72,94,69,18,63,98,96,27,45,55,33,52,13,96,31,66,98,75,35,43,33,80,39,15,81
72,92,90,77,34,51,69,43,59,24,17,79,89,99,89,19,34,93,30,22,33,94,24,37,85,43,93,37,39,28,67,12,39,12,51,75,14,26,25,88,40,50,91,89,15
52,79,57,78,98,97,67,16,76,92,87,24,15,64,83,94,60,38,58,31,64,21,91,43,56,72,49,14,70,97,24,92,53,93,96,24,10,36,57,44,21,26,15,77,31,51
71,12,85,87,61,52,79,78,57,40,18,32,47,70,49,16,21,92,62,52,81,40,73,44,42,58,61,31,73,83,74,84,74,94,69,35,63,57,43,65,58,99,50,74,84,30,89
60,63,62,34,14,19,23,54,99,96,22,31,45,79,91,99,47,66,96,37,81,60,44,62,42,31,66,76,87,73,21,96,76,56,97,10,73,44,88,71,35,50,87,53,16,75,38,46
40,25,84,43,67,87,58,29,32,51,74,58,19,53,76,38,65,49,34,34,57,69,20,56,36,20,41,43,17,32,83,69,21,91,34,86,77,57,71,51,18,89,61,97,74,78,45,39,97
46,97,37,26,68,33,76,50,70,94,89,82,45,75,95,56,35,95,45,11,54,16,76,83,43,47,82,27,22,35,18,40,53,86,31,52,57,81,16,89,78,73,79,72,14,37,75,18,44,19
53,41,37,40,15,15,57,73,27,14,52,41,29,79,88,70,43,50,55,64,86,95,43,51,80,38,49,99,52,92,30,27,75,27,97,74,44,52,13,94,59,38,46,63,39,89,25,26,70,44,32
59,37,89,90,89,36,81,99,26,87,43,30,72,73,18,22,36,74,77,26,32,35,87,24,54,99,79,58,35,97,47,56,81,25,79,50,59,29,65,33,45,45,11,21,75,93,30,78,79,20,46,25
71,13,96,42,66,63,80,69,63,66,89,17,93,70,86,65,71,87,44,33,20,85,85,85,81,18,23,70,52,53,30,65,91,91,50,20,27,46,48,98,76,52,67,59,40,17,91,45,43,82,47,43,62
79,39,13,97,78,96,49,15,22,28,79,83,42,15,84,19,79,90,45,46,11,50,51,34,21,69,40,13,95,28,62,77,68,45,99,10,90,11,11,55,20,17,79,13,37,55,40,29,13,16,10,91,93,43
17,12,87,11,47,72,19,98,64,50,21,74,56,89,21,25,31,23,10,45,50,41,20,73,37,31,12,48,34,96,46,38,61,61,34,86,84,24,50,33,20,14,33,53,55,36,89,49,56,10,52,20,33,70,44
76,42,62,11,49,80,26,86,96,24,90,81,82,80,59,87,59,78,27,42,33,61,47,47,69,95,39,27,40,77,35,74,13,60,84,54,84,56,76,91,10,22,72,29,21,99,58,47,96,29,74,85,83,31,41,13
66,41,13,49,30,57,32,97,77,42,64,15,21,70,86,67,98,61,77,43,80,78,91,73,90,19,39,11,73,36,27,18,63,35,83,95,58,56,21,68,73,71,77,12,95,43,68,76,34,47,87,59,49,99,10,79,11
54,75,49,33,54,43,55,83,17,58,30,95,31,17,46,55,23,57,89,90,49,78,15,23,26,15,34,22,71,71,99,21,42,58,61,99,59,43,69,12,53,88,33,87,33,68,33,73,87,31,67,76,93,51,69,80,72,47
83,38,95,17,17,43,10,29,26,77,41,82,36,22,94,68,14,44,79,50,48,74,46,95,79,64,85,82,85,25,15,94,39,33,45,47,56,89,72,12,52,28,80,76,74,57,28,92,74,83,45,51,70,33,28,30,78,84,55
74,12,25,94,89,77,80,43,96,17,22,12,89,82,45,45,27,22,41,30,15,31,22,96,68,37,99,52,49,45,46,81,62,79,65,41,98,77,30,74,69,75,19,30,17,63,51,13,87,21,91,41,57,10,95,44,26,93,52,68
43,17,50,43,61,85,63,65,54,61,61,71,43,16,99,91,22,57,65,76,69,77,88,42,54,56,74,90,35,86,80,71,84,61,91,86,62,34,19,81,25,45,53,72,59,17,63,42,74,19,89,38,76,49,48,80,14,29,78,68,39
87,45,82,79,52,69,18,89,50,26,21,51,22,48,66,35,20,54,42,48,53,88,55,56,90,94,78,77,18,25,24,44,52,21,71,81,39,39,33,39,60,73,89,37,59,15,12,82,18,38,33,44,69,83,23,98,79,16,13,57,94,68
18,38,12,84,75,38,20,18,10,47,89,76,68,87,96,94,12,72,32,91,81,40,24,96,49,45,41,86,94,15,15,10,75,76,49,95,34,87,16,30,24,73,22,49,39,12,77,65,95,19,93,29,27,29,47,68,67,71,21,27,39,45,38
54,80,70,31,13,27,42,31,92,44,67,26,40,71,42,99,80,36,67,54,64,27,15,64,46,42,74,93,25,60,71,67,53,88,94,78,13,93,55,90,95,25,38,20,63,32,76,10,43,17,53,29,75,42,64,40,78,23,69,52,92,88,87,41
58,70,56,21,64,23,22,41,93,44,19,10,64,82,89,70,74,53,54,74,43,74,80,71,11,64,59,17,86,32,48,91,39,14,29,11,14,46,82,39,12,78,29,69,95,20,72,55,90,91,47,82,12,76,35,76,51,86,79,75,83,64,21,41,20
54,84,56,20,77,24,79,68,46,24,17,61,72,72,20,50,76,53,28,39,62,68,30,74,89,35,93,32,71,50,91,59,73,20,37,80,36,16,83,85,46,26,29,66,42,99,41,44,77,33,28,28,91,15,70,28,31,35,59,16,88,57,68,81,63,18
41,29,10,50,63,78,44,37,85,46,53,74,20,82,74,79,84,18,38,67,10,98,62,19,33,90,68,26,30,46,70,76,43,21,64,10,94,59,13,38,71,32,39,96,70,34,50,10,73,75,10,50,60,63,95,66,76,31,19,47,58,22,60,65,62,75,97
53,48,20,31,19,51,17,92,26,85,60,75,49,71,69,10,70,74,39,44,63,96,39,12,82,48,64,91,66,57,73,72,77,33,57,20,83,75,89,42,12,45,10,92,47,24,56,15,34,27,78,23,58,44,42,19,75,42,47,67,12,38,60,85,75,66,94,93
34,97,46,52,32,18,84,71,74,46,15,49,25,55,29,66,85,74,55,33,84,53,87,96,30,15,97,38,88,50,96,25,15,97,28,16,10,39,65,75,36,17,48,71,79,84,72,38,50,98,80,15,91,78,41,54,29,13,74,15,98,69,59,79,67,26,31,28,93
55,33,54,97,43,19,85,70,74,71,99,81,81,72,89,62,48,81,24,55,37,92,38,91,15,49,76,81,23,44,32,63,52,75,80,33,84,50,50,50,76,84,87,66,92,72,21,22,44,37,66,37,55,32,13,91,47,83,56,53,39,69,22,60,25,81,43,38,99,24
18,85,24,38,71,72,24,57,99,95,79,78,52,76,77,76,67,13,57,33,41,71,80,35,39,40,85,44,48,76,43,52,89,36,38,92,22,65,15,10,61,22,25,61,45,54,80,66,14,67,98,58,52,92,49,74,38,42,24,61,71,36,96,87,37,29,78,41,59,56,83
41,30,72,94,73,56,98,37,14,27,88,23,48,85,24,15,34,60,88,26,43,20,85,99,66,79,97,23,53,89,76,53,76,10,74,63,82,15,75,95,96,78,61,65,73,64,71,39,95,52,29,96,12,84,81,93,65,86,98,81,40,11,96,87,98,15,94,94,36,63,55,98
76,81,92,21,76,92,99,72,46,69,55,95,61,42,21,81,26,68,43,77,65,79,22,81,44,60,81,90,85,30,35,78,86,43,23,18,96,20,20,42,99,53,79,39,20,91,85,24,18,82,72,18,77,88,62,30,60,22,39,33,29,75,47,68,38,35,13,29,92,84,44,78,69
11,63,99,15,87,37,17,51,44,23,23,83,29,40,76,14,95,81,11,95,62,39,13,90,29,18,57,36,96,96,29,56,21,32,54,78,55,63,27,71,56,67,83,69,22,26,34,75,43,75,65,11,56,61,29,60,12,76,89,40,92,66,29,74,87,45,61,50,77,55,43,17,12,42
26,28,77,14,85,27,24,12,72,95,63,10,78,31,80,80,52,21,38,42,55,46,26,57,87,16,70,91,13,51,28,20,48,62,49,90,34,36,30,31,48,35,54,66,13,55,52,29,17,15,89,64,81,29,95,56,57,11,27,94,86,95,19,26,25,48,29,21,44,62,74,18,90,44,77
98,18,44,62,84,57,50,82,29,52,60,85,51,86,27,43,95,33,42,56,36,58,92,15,81,18,36,23,20,12,18,34,77,93,67,89,68,61,20,43,40,15,54,38,84,26,92,68,28,55,89,57,19,72,48,61,61,72,81,27,82,26,93,56,55,37,67,84,51,56,68,88,77,57,50,18
17,74,43,15,19,98,72,73,78,66,30,35,77,12,93,84,40,45,17,20,56,81,39,55,40,26,85,39,49,53,85,26,26,89,41,58,36,90,60,79,25,93,36,93,78,52,99,35,94,98,70,51,24,93,28,50,24,55,30,70,23,78,84,53,68,38,54,21,27,68,47,68,68,21,26,26,77
14,46,85,78,48,48,73,79,78,41,75,44,88,94,72,29,83,13,95,83,67,26,22,24,53,17,71,93,12,55,71,68,95,61,24,12,17,71,90,45,11,69,51,67,14,27,11,70,91,19,39,85,62,18,75,47,82,83,24,58,67,31,35,41,86,85,61,83,86,97,96,86,95,79,38,77,34,66
63,29,49,45,82,46,33,73,89,21,95,75,67,44,40,66,95,79,65,55,71,80,42,53,71,55,32,86,36,12,45,21,16,33,83,70,58,29,78,62,58,20,56,24,32,38,70,75,32,95,12,53,15,19,76,27,87,36,85,30,23,11,34,46,43,14,42,54,18,31,96,13,65,17,66,61,34,91,88
52,26,42,57,89,77,83,22,78,42,41,33,37,27,76,77,45,29,61,80,23,90,81,89,48,21,71,82,28,90,52,99,52,87,35,97,45,15,33,97,47,30,37,38,50,30,20,62,91,94,85,90,15,77,95,48,15,71,37,14,89,12,13,71,73,18,75,89,12,24,94,21,80,32,87,72,88,87,83,98
14,54,31,69,84,20,52,50,21,20,72,91,67,91,16,83,19,35,33,55,71,68,88,79,20,69,83,45,50,30,23,34,82,35,19,62,45,73,84,87,71,18,21,78,91,24,88,40,73,57,89,85,48,88,67,14,54,11,13,19,86,59,32,81,99,45,33,89,24,15,61,97,25,12,87,66,25,70,47,43,49
36,91,45,91,25,47,56,30,84,12,49,33,62,49,88,93,92,80,89,99,83,91,36,11,23,81,53,52,76,11,40,12,61,36,11,24,89,13,14,47,47,34,10,26,84,86,78,30,45,38,46,64,40,18,14,55,26,60,87,12,39,19,26,69,58,23,29,54,46,32,63,89,26,81,63,40,76,99,77,14,22,15
80,88,38,33,64,91,31,84,49,81,20,65,41,48,12,84,41,44,36,83,38,84,75,35,31,62,54,58,84,76,64,12,71,29,98,94,37,42,24,88,44,18,18,70,84,65,91,11,82,54,67,72,13,57,41,49,60,46,55,22,79,94,29,67,62,77,46,28,45,83,37,20,99,53,72,39,56,63,84,25,83,38,91
86,85,82,46,62,59,97,93,93,89,44,68,47,13,90,48,51,70,36,98,36,45,99,41,45,37,67,32,88,94,11,45,66,70,13,26,21,20,18,48,16,86,54,96,93,79,62,36,33,85,80,80,80,79,48,93,15,26,14,74,85,29,49,32,73,40,43,80,93,59,95,73,23,75,73,75,95,80,33,41,65,18,22,34
80,22,50,11,56,11,25,83,64,75,49,92,90,16,52,22,48,84,68,19,95,82,87,62,66,51,50,29,14,79,12,18,36,73,85,55,40,40,12,16,72,31,50,82,51,58,87,49,72,19,78,64,19,21,57,25,33,89,61,43,67,57,81,84,80,79,52,50,46,29,11,95,61,30,81,22,89,78,73,93,76,87,47,48,65
58,41,58,43,32,28,24,34,83,56,65,15,41,54,30,31,71,56,49,22,34,65,30,14,28,93,22,74,13,38,51,30,91,17,84,22,71,25,31,30,73,94,37,77,89,82,35,37,30,88,82,73,50,72,23,78,18,46,60,14,29,85,82,35,97,56,65,58,16,96,24,41,31,17,62,75,91,34,65,42,35,45,48,53,98,59
10,65,56,83,43,32,95,82,31,99,93,10,92,24,81,35,87,10,16,75,85,27,25,32,27,50,84,94,53,21,21,42,62,79,87,67,42,79,55,78,90,39,17,26,31,21,83,27,83,64,27,62,49,10,97,64,28,33,71,52,93,70,95,34,34,60,71,75,44,18,96,73,19,71,95,94,54,33,88,57,38,73,94,61,69,76,67
48,65,84,51,24,27,11,94,99,23,18,55,62,29,16,52,31,73,24,19,17,31,37,24,66,46,37,44,78,13,50,51,95,25,71,92,36,50,14,26,40,79,60,47,72,88,55,75,61,34,86,57,73,75,83,17,67,99,63,50,16,78,48,82,48,64,14,80,19,75,31,19,46,35,38,42,75,75,41,77,18,86,92,46,99,12,48,61
95,59,95,66,56,22,32,84,37,46,68,16,30,27,31,38,82,52,30,25,91,75,69,44,69,74,65,80,66,44,59,36,57,35,30,52,31,72,72,44,66,69,53,90,82,78,76,39,94,80,87,40,73,89,36,73,61,25,88,32,79,94,36,19,92,83,70,22,78,44,63,97,92,16,52,40,74,27,88,32,25,42,60,51,72,38,93,53,61
65,14,74,53,75,69,74,33,25,93,75,73,46,63,36,58,71,80,61,85,34,32,53,73,23,86,51,69,17,92,53,40,25,11,45,82,61,76,69,60,62,87,22,43,36,71,82,40,59,68,10,16,55,11,90,48,40,24,62,17,97,64,93,22,75,38,29,79,14,48,29,93,36,29,59,75,62,55,84,43,58,80,55,98,80,37,86,17,76,72
23,31,47,26,14,12,29,86,35,37,89,32,37,34,63,73,46,51,26,98,72,37,54,56,84,71,78,48,55,24,97,81,21,74,11,39,36,12,36,75,11,34,66,69,28,21,73,37,80,55,87,34,28,93,38,33,85,98,63,70,63,91,23,79,28,84,93,19,33,40,98,56,44,70,33,62,33,62,10,75,22,90,92,20,20,59,12,27,12,40,30
91,56,40,41,63,32,55,71,20,32,72,87,42,64,78,15,36,38,74,35,50,14,27,89,51,69,25,29,13,94,47,78,93,23,35,89,83,81,87,78,67,86,99,58,11,45,64,62,35,90,53,95,40,84,80,17,68,49,93,35,54,67,80,62,38,16,26,61,67,60,53,21,46,30,90,90,96,53,86,71,21,70,94,11,83,55,66,66,27,50,88,37
92,76,38,16,96,42,95,76,29,71,43,73,50,22,36,62,71,68,70,92,58,76,58,93,72,19,94,28,77,39,40,31,80,51,85,36,31,60,35,62,37,69,93,47,98,20,46,64,21,14,93,55,72,53,83,42,31,62,69,95,41,96,83,12,48,29,16,10,94,17,23,79,45,70,90,91,10,43,99,34,82,22,48,96,78,63,25,57,78,46,43,65,42
40,98,12,35,42,62,31,47,12,58,88,30,20,17,13,79,58,76,73,91,74,76,61,78,25,78,68,71,65,17,43,78,36,32,47,56,12,79,89,84,42,68,45,68,53,58,81,34,37,30,85,89,67,38,31,61,45,57,52,27,18,34,16,63,64,37,20,79,95,88,43,39,96,75,45,87,17,33,82,85,47,33,42,89,30,61,65,66,70,16,36,19,20,82
49,82,20,94,51,13,17,42,83,67,94,85,97,30,49,81,50,93,55,64,28,42,22,70,57,57,10,90,46,12,85,65,20,38,18,38,58,64,35,57,51,49,72,16,25,50,29,21,58,76,19,42,91,10,84,85,72,90,10,34,99,94,60,37,92,20,71,53,42,25,51,10,33,63,59,98,65,68,15,25,78,52,96,74,81,26,41,71,56,47,44,26,42,63,53
45,53,88,78,72,66,25,15,43,35,50,99,36,54,16,98,26,85,93,78,72,11,93,15,46,91,84,49,76,86,32,89,94,61,59,39,52,56,99,26,75,56,21,94,95,92,66,55,70,92,30,24,38,40,90,18,61,86,95,99,28,12,84,26,99,50,36,21,83,91,51,33,73,47,98,78,92,76,21,48,12,34,95,16,76,73,36,83,79,33,81,70,64,75,97,73
33,91,70,77,85,67,73,63,16,85,95,47,20,69,13,30,76,88,52,48,76,44,17,22,44,61,26,23,36,33,41,29,15,94,52,81,60,33,53,83,71,72,68,34,23,90,10,65,58,86,69,98,37,28,14,42,26,54,51,98,38,47,54,61,34,93,68,57,71,27,23,39,46,80,26,68,99,42,56,95,63,68,35,52,53,72,87,81,44,37,96,92,50,24,80,35,67
68,98,53,74,58,93,20,77,62,34,78,61,74,85,53,64,91,37,36,24,16,51,91,53,92,15,27,15,19,95,42,89,52,22,93,51,87,80,96,14,35,76,22,75,78,23,43,34,59,67,28,39,81,36,77,35,53,83,70,17,30,87,97,72,82,44,18,85,24,32,11,72,72,31,71,99,32,47,54,69,65,16,96,28,68,10,79,62,57,35,95,38,20,30,72,12,68,64
18,37,94,49,96,62,29,43,89,77,86,66,50,88,26,84,59,56,84,16,25,44,89,67,11,43,31,97,20,55,88,91,50,55,16,67,61,38,67,80,21,96,32,65,81,79,74,49,37,33,59,56,63,61,85,55,93,43,85,36,29,41,39,54,71,18,70,25,91,79,85,97,49,76,61,90,34,16,73,90,15,55,82,70,54,70,59,13,30,17,75,26,79,51,99,18,93,65,98
66,67,42,67,52,71,68,65,94,19,16,17,60,27,51,31,26,38,75,36,40,54,59,45,76,36,22,28,21,44,41,85,91,16,73,62,39,42,71,39,63,98,52,79,97,53,82,57,88,71,69,43,57,60,57,93,24,81,82,87,97,55,75,38,77,26,82,26,67,28,55,36,83,42,19,61,51,92,31,34,89,45,10,24,28,82,73,47,76,86,78,39,73,65,43,74,42,58,75,50
