86
88,50
66,27,11
31,94,17,18
20,56,89,41,20
78,62,61,52,51,27
32,87,19,80,42,64,17
87,32,38,34,15,60,56,92
30,75,63,93,55,34,47,70,47
94,18,28,35,53,47,73,86,22,76
55,77,83,94,32,79,56,18,95,52,99
95,36,22,30,16,33,51,13,66,20,29,15
46,16,13,40,11,54,17,32,23,33,53,69,99
24,25,67,72,10,70,34,51,97,13,49,65,87,97
77,50,86,15,18,73,36,91,75,31,71,13,40,27,11
56,22,15,58,10,16,32,48,55,23,74,45,36,25,19,39
43,36,20,78,88,36,26,39,86,81,52,16,32,36,63,59,84
92,50,41,10,80,69,89,27,42,23,20,19,53,33,49,41,94,28
93,69,28,13,65,42,34,75,90,12,74,79,57,68,88,65,63,93,17
86,51,59,80,75,32,66,40,24,26,34,27,35,68,23,55,39,17,83,77
78,94,53,36,22,30,63,79,48,58,53,50,34,17,49,36,55,23,98,51,52
91,58,27,10,32,79,26,83,81,17,50,45,96,66,80,10,47,32,95,17,42,87
55,56,38,58,53,71,60,45,72,82,16,52,77,31,47,69,49,80,26,77,22,83,35
40,97,45,72,37,28,62,13,22,35,17,96,25,25,45,94,10,39,10,17,56,56,94,52
72,10,11,52,16,98,66,61,28,58,80,57,31,92,87,73,46,17,48,91,28,67,66,21,32
11,61,42,94,52,81,39,24,83,87,10,28,47,87,80,87,24,67,23,57,92,38,20,56,46,98
11,84,56,62,51,47,54,36,21,66,77,20,77,47,66,23,22,75,81,31,49,42,95,37,95,30,69
73,78,69,77,43,24,56,81,85,98,61,59,12,21,99,37,75,13,89,38,95,49,43,24,26,49,41,34
47,70,95,44,40,87,16,82,70,49,51,32,83,48,42,23,67,87,39,90,10,63,59,11,36,70,98,45,13
12,92,81,81,35,62,76,99,26,95,14,41,53,11,19,42,54,88,36,20,35,47,90,77,11,23,32,53,82,65
14,32,22,25,34,87,37,71,79,84,32,69,95,73,64,55,32,21,39,21,34,90,36,97,38,34,85,87,28,25,86
89,54,50,97,92,15,63,67,77,18,33,67,91,17,41,99,36,84,83,18,78,91,93,48,80,52,24,93,71,44,87,10
98,63,28,47,84,87,96,38,89,96,54,85,83,33,85,20,81,96,64,30,16,12,98,57,99,63,66,15,71,17,85,45,93
31,36,90,22,70,65,58,42,73,82,25,93,78,67,22,15,56,36,10,39,13,53,86,27,40,77,39,33,87,42,31,68,38,60
26,41,92,18,86,19,75,86,50,15,88,12,55,73,76,85,90,50,11,10,53,22,16,47,29,49,45,78,89,55,27,83,97,22,90
12,56,68,73,75,94,75,29,21,46,55,67,50,63,86,72,16,51,12,86,75,73,94,82,26,97,89,96,17,46,31,21,41,31,78,43
91,39,45,34,21,60,31,40,46,20,60,57,82,72,21,49,36,15,40,68,53,78,76,63,56,96,40,48,76,45,96,50,56,97,27,16,21
97,38,23,11,84,74,73,25,42,69,42,37,39,88,59,24,28,28,92,22,58,11,30,75,15,40,60,82,48,39,80,41,90,35,39,51,30,63
71,43,91,48,75,77,37,12,33,15,81,18,57,98,77,51,24,81,45,69,71,91,59,23,97,26,34,66,79,83,53,86,84,13,90,21,19,42,31
94,47,39,98,51,40,51,28,17,88,41,97,54,24,19,78,62,41,15,70,39,35,48,20,87,45,37,64,98,86,15,79,81,70,24,67,54,32,26,76
97,66,53,40,99,40,46,74,36,40,88,89,44,33,89,64,51,30,26,94,54,62,31,52,27,79,57,12,18,87,65,38,69,67,75,34,39,67,55,65,52
61,78,40,83,25,45,37,26,66,29,83,94,76,45,94,71,61,66,24,70,76,69,66,52,18,11,58,81,63,85,44,47,81,14,57,44,59,71,41,26,29,26
31,39,46,16,76,91,87,23,71,78,96,24,77,62,92,16,62,98,17,84,58,44,43,84,66,77,61,71,15,11,12,17,98,95,82,44,82,72,65,36,64,11,40
35,69,12,89,77,57,49,20,49,99,98,76,28,54,55,66,74,71,89,33,15,58,77,11,65,92,89,29,53,64,36,61,59,18,33,37,79,18,41,50,64,98,36,66
71,58,54,74,44,68,16,42,57,46,38,93,17,92,83,60,84,33,68,17,53,15,20,89,40,18,74,99,33,53,63,32,89,35,55,35,62,87,45,46,64,67,85,16,72
15,39,39,80,84,90,78,82,43,90,43,14,94,42,92,32,85,77,66,47,52,34,87,19,29,94,59,93,20,83,96,92,93,99,46,43,29,22,20,48,82,51,20,94,86,65
52,23,47,96,91,21,14,25,13,85,30,64,28,34,75,61,49,32,97,66,50,96,66,74,80,81,40,74,30,85,15,58,22,78,30,93,45,31,15,37,65,70,54,79,80,36,40
42,17,67,99,96,69,13,36,17,32,21,17,79,63,45,77,40,32,25,25,48,41,45,75,39,53,66,91,27,86,99,16,95,55,56,10,85,12,56,86,43,81,54,75,26,66,99,31
30,73,62,55,75,91,77,12,29,61,72,89,63,61,29,15,64,73,34,52,66,20,85,79,49,74,35,35,24,20,57,45,20,17,73,67,89,64,72,79,59,57,33,45,43,99,15,67,47
60,90,30,75,57,98,74,64,52,42,58,20,52,92,67,99,42,79,20,82,15,60,98,13,14,16,72,94,74,98,66,39,71,73,31,63,33,15,22,59,76,72,98,40,73,94,94,56,35,54
32,19,93,71,36,86,66,22,30,96,76,38,78,61,59,10,24,62,43,82,27,32,83,82,67,25,52,25,60,45,88,77,30,97,16,56,68,64,46,62,30,38,39,28,51,75,26,28,56,18,86
68,35,19,21,35,38,31,44,22,30,29,99,41,79,80,68,61,48,84,48,89,76,20,13,44,42,93,66,42,23,93,58,31,11,43,80,63,39,16,12,74,55,48,12,56,53,12,64,32,49,11,80
71,38,66,97,43,60,10,57,40,54,68,68,88,78,36,53,22,52,44,86,97,51,60,92,20,25,68,14,63,91,11,48,58,23,62,52,22,14,39,65,72,74,76,76,78,37,88,74,25,49,21,18,53
16,36,98,78,93,32,81,25,69,75,83,79,19,65,15,59,65,47,57,34,86,95,34,20,12,57,96,23,64,22,83,46,15,48,27,54,23,19,90,40,28,93,97,40,93,84,15,32,19,15,58,28,12,32
44,85,96,23,63,44,47,55,20,85,43,23,40,10,92,84,42,15,15,73,35,58,60,32,14,91,97,97,58,43,11,59,89,84,44,52,34,43,71,49,11,52,35,16,14,65,33,84,46,20,76,56,96,11,25
22,50,83,76,90,12,77,64,75,71,86,67,71,34,51,98,63,31,23,64,14,22,81,92,24,14,71,50,44,77,42,83,61,57,53,57,64,91,67,47,81,91,76,71,56,51,21,58,29,56,98,60,77,62,35,34
91,25,60,73,68,13,27,11,93,24,99,57,22,91,87,87,41,26,58,40,64,29,33,26,96,68,96,85,76,32,92,42,99,95,89,30,94,31,72,38,76,69,52,25,86,30,28,79,81,61,17,77,11,26,19,20,69
47,75,11,12,46,80,30,90,99,80,11,62,53,46,84,13,26,84,18,23,51,29,44,54,85,77,67,52,61,48,64,50,52,99,71,28,21,84,48,54,31,20,42,33,96,46,51,21,15,33,16,88,50,66,29,16,62,97
33,55,84,86,68,21,97,27,80,85,86,62,63,99,95,84,89,79,80,98,82,26,56,78,94,14,35,25,75,37,70,93,87,43,26,91,65,69,97,14,93,94,11,91,57,76,99,29,16,47,81,64,98,69,29,29,49,60,66
54,35,56,77,79,33,71,73,90,25,20,30,84,89,57,37,22,31,28,28,96,57,21,32,10,73,66,71,46,58,93,85,83,89,81,97,62,93,87,95,41,36,99,77,74,73,54,80,43,32,96,61,38,68,46,60,30,90,79,24
10,84,72,55,46,75,76,33,88,18,41,59,79,99,44,78,23,91,20,45,46,74,72,87,94,62,36,29,63,75,46,53,31,72,36,30,32,70,88,38,37,71,78,46,61,48,75,28,92,97,81,15,84,15,71,33,50,48,59,44,67
17,20,16,53,69,34,42,24,71,29,71,78,56,12,28,35,31,67,98,13,45,91,52,74,65,64,12,77,71,15,60,29,82,99,90,32,92,88,75,29,24,19,24,76,92,72,21,27,83,25,33,76,88,35,62,87,67,78,28,94,26,87
62,85,50,97,90,16,25,59,76,69,52,48,60,18,78,68,99,14,60,74,71,72,71,21,18,30,99,53,42,16,68,85,80,18,19,78,84,38,43,31,58,81,15,23,15,16,14,34,72,91,52,61,44,17,48,11,55,85,95,86,73,40,55
74,73,24,78,50,52,80,18,43,96,86,53,79,38,66,51,97,61,46,56,76,10,77,43,14,12,43,69,50,97,62,52,11,57,75,28,80,27,60,92,74,16,54,89,86,47,59,26,49,28,39,43,42,61,51,98,58,81,63,21,60,25,38,86
11,66,51,25,80,53,61,12,35,88,24,37,99,99,22,79,33,79,82,45,56,59,80,58,18,74,20,41,33,28,39,72,15,15,93,71,47,84,27,22,17,49,45,13,24,45,91,97,81,35,89,78,97,39,34,47,90,96,76,76,18,35,92,59,77
82,44,38,36,48,21,30,62,59,33,62,65,49,92,18,14,73,16,86,20,34,89,10,26,91,10,31,54,37,91,19,62,97,83,38,36,54,17,39,94,50,33,41,74,79,21,26,76,31,27,47,76,22,68,60,28,19,25,62,91,54,94,69,58,66,15
96,40,30,92,61,22,39,87,96,31,82,35,74,56,66,83,41,29,35,37,69,77,47,78,17,56,20,20,34,82,57,17,35,98,93,95,10,82,22,48,72,84,64,60,72,67,29,91,24,93,34,81,93,92,81,63,74,26,84,59,84,99,22,72,97,17,63
15,36,43,54,99,84,93,17,56,90,66,71,82,49,27,93,99,81,95,78,42,81,43,31,44,76,93,22,52,29,78,46,57,73,67,53,45,11,35,19,99,12,39,90,47,73,20,70,22,55,25,11,65,36,11,35,58,27,16,57,91,40,22,87,68,94,27,78
75,55,15,27,91,72,91,89,88,75,96,54,14,41,50,72,16,24,20,44,13,81,10,12,24,44,40,46,20,26,28,88,77,85,43,67,80,91,73,22,55,55,83,35,91,93,39,28,68,10,35,60,38,73,31,11,93,37,63,22,10,23,59,13,90,70,88,81,69
13,53,77,94,36,99,19,73,87,44,98,12,15,62,47,30,47,15,43,30,74,50,40,87,33,23,12,77,44,12,68,57,54,18,69,76,46,87,79,96,51,56,75,78,57,85,88,60,91,62,22,77,20,34,69,72,92,70,17,25,60,35,55,69,25,35,45,54,37,70
91,18,56,68,33,70,63,22,65,35,88,48,15,45,54,53,83,35,27,47,69,58,20,73,20,37,33,20,42,58,49,73,31,65,77,93,38,50,63,67,15,91,95,82,34,99,79,24,66,44,60,71,47,19,94,37,42,12,63,39,68,30,65,78,93,43,18,68,10,91,38
59,17,50,30,85,39,67,27,15,29,24,51,82,93,28,41,71,16,85,39,94,39,56,41,15,43,83,83,76,44,56,98,73,18,52,82,98,29,74,43,85,86,92,41,72,82,85,68,13,78,88,19,55,56,47,91,80,99,61,40,90,55,74,86,98,55,30,28,49,59,73,91
99,48,97,43,28,12,90,90,79,10,33,47,94,17,88,96,86,66,92,35,10,99,74,26,31,41,63,40,75,76,78,44,50,24,63,85,88,60,12,75,75,81,18,80,82,68,87,43,15,18,49,49,30,71,50,77,35,85,43,93,86,36,62,10,11,67,34,22,22,13,66,65,82
28,91,87,38,48,85,15,23,79,97,28,26,74,25,78,47,23,48,73,14,50,29,93,22,93,71,28,78,93,90,68,21,82,93,30,32,43,61,20,66,25,83,59,40,44,87,92,71,37,46,50,80,99,55,29,71,11,59,99,82,98,93,21,93,72,57,54,57,52,52,27,60,40,29
47,52,99,51,65,49,50,41,11,99,34,48,46,44,48,38,75,81,85,99,86,88,91,90,90,16,87,42,26,54,23,98,63,88,57,96,60,30,25,69,12,63,54,77,82,56,53,79,19,56,31,37,54,41,45,72,14,44,36,16,61,17,10,85,85,41,93,82,72,93,18,28,75,13,34
39,12,19,41,67,56,46,17,37,68,60,17,24,78,35,87,18,28,19,66,60,54,26,11,59,32,17,70,71,82,81,38,51,30,35,46,31,10,35,92,78,86,30,84,91,21,82,65,69,79,54,51,94,23,17,70,85,50,69,12,67,68,45,95,58,91,38,77,36,66,38,82,83,11,14,83
59,27,44,66,59,85,42,40,19,85,19,37,17,14,22,34,23,16,74,58,94,38,30,29,91,93,15,27,44,33,50,63,14,33,16,13,76,79,13,21,61,99,99,74,91,96,16,69,93,65,86,82,23,50,19,49,91,76,79,99,49,13,71,38,85,12,41,13,64,83,89,82,77,36,74,32,94
36,53,57,75,82,49,29,97,88,13,22,96,55,71,62,49,78,76,53,73,64,50,83,84,14,74,45,33,12,30,76,80,48,32,85,98,52,89,58,55,21,55,85,38,71,85,57,62,47,66,52,71,57,37,84,36,25,74,12,21,40,49,25,20,30,87,62,59,26,19,62,33,87,18,61,82,96,25
74,95,71,88,51,39,77,52,16,11,71,49,77,33,86,73,55,34,13,46,20,77,65,30,48,38,77,28,16,21,38,43,18,64,88,57,24,72,22,84,61,80,76,50,85,35,25,34,84,92,87,62,75,88,62,35,43,24,75,31,57,44,55,76,63,18,71,41,80,66,80,68,42,42,15,76,45,37,67
30,26,19,88,57,95,16,24,86,97,89,50,39,55,17,95,24,86,55,74,55,11,52,74,25,94,87,79,15,26,36,55,95,77,12,44,77,56,32,67,85,12,42,97,37,21,83,78,57,60,65,24,67,67,69,15,76,15,49,62,84,67,50,41,48,17,60,17,77,46,13,30,48,96,18,17,28,24,96,47
33,20,36,63,66,87,84,18,15,90,34,65,18,45,64,88,42,48,43,15,16,13,36,74,89,59,84,74,95,20,11,14,56,37,85,59,32,18,83,79,56,89,62,77,28,17,58,72,85,86,98,69,48,12,23,90,85,34,88,47,69,11,74,44,59,72,47,45,17,29,58,67,66,81,64,49,59,76,96,43,12
50,15,24,73,56,46,37,39,41,53,13,62,36,41,23,14,40,89,38,70,91,81,28,77,39,72,53,11,35,22,15,72,19,61,54,24,47,43,71,56,52,51,46,65,81,26,32,59,13,82,64,21,41,23,89,58,84,88,69,49,18,94,53,26,64,30,73,62,80,54,11,27,82,43,37,64,91,77,47,89,70,21
30,88,96,90,75,63,82,60,58,64,47,96,29,86,18,15,46,42,57,43,22,36,37,59,93,71,45,83,34,99,10,46,89,49,22,37,68,96,56,85,12,65,79,56,93,50,33,58,43,90,88,64,98,74,79,29,89,94,48,57,51,48,36,32,62,80,23,68,46,76,61,36,18,50,54,95,51,54,67,18,34,52,88
93,65,44,90,20,68,31,76,21,36,26,68,39,21,29,21,79,42,43,42,57,22,22,42,30,40,27,25,19,24,89,75,20,58,20,61,32,32,11,41,18,93,47,83,38,55,52,57,15,34,97,53,96,47,45,20,79,50,14,56,34,71,38,74,64,88,67,70,33,51,25,26,54,29,56,74,41,69,76,50,60,54,42,35
13,17,43,12,50,49,38,26,58,64,56,27,18,23,73,60,97,61,89,99,70,63,62,85,97,65,37,97,11,49,68,45,97,86,10,67,39,33,22,68,20,69,56,28,36,61,32,39,89,28,39,90,87,21,90,19,48,74,46,35,90,32,70,36,73,77,47,79,43,63,56,40,78,44,59,56,92,41,10,84,10,49,34,65,81
90,68,49,88,50,23,71,37,21,70,20,34,50,50,27,69,25,88,74,20,46,54,67,87,68,44,70,70,21,20,56,95,79,84,34,61,53,56,95,53,71,83,27,38,94,40,17,18,89,39,28,68,61,30,96,21,13,29,85,91,41,57,26,12,90,71,73,39,42,92,89,59,54,28,90,19,88,86,20,32,85,85,23,98,92,48
10,83,17,82,70,23,19,45,91,80,98,26,15,92,13,44,64,14,56,63,38,22,61,97,33,91,19,97,30,44,51,91,86,34,21,49,31,66,27,53,70,74,92,78,80,37,87,61,52,81,64,87,82,94,81,61,72,77,82,63,30,12,53,94,78,48,73,27,49,47,64,70,93,12,35,85,26,30,29,47,72,83,85,82,46,89,84
61,63,29,89,17,48,35,89,32,29,23,67,54,92,93,68,68,39,33,97,80,68,16,38,19,69,54,64,54,29,31,61,24,95,40,24,68,72,28,75,22,50,41,72,92,32,79,43,29,77,66,73,19,63,47,39,74,23,27,75,31,59,43,81,91,28,69,95,79,29,70,35,93,18,80,46,64,19,55,85,77,73,75,44,42,86,81,94
57,69,70,57,46,57,56,82,16,80,66,50,67,22,88,59,98,28,81,29,20,53,14,77,41,88,44,60,96,57,75,96,91,79,14,42,15,12,45,26,45,63,56,59,46,45,50,29,80,32,34,24,80,99,72,28,68,43,92,64,52,40,25,27,99,64,63,44,41,75,50,38,70,10,39,10,63,22,78,27,83,72,54,39,56,17,55,93,75
56,91,13,70,44,27,23,67,45,65,14,36,56,81,17,60,79,47,69,56,72,90,44,63,99,33,94,15,26,73,50,26,10,67,13,45,10,15,75,83,86,98,80,24,56,15,15,65,97,38,96,51,10,35,39,65,74,91,85,63,88,81,47,86,75,61,64,68,25,80,66,53,60,10,84,79,11,57,62,23,91,78,74,33,71,40,10,58,43,47
31,73,27,33,57,69,80,22,83,97,19,29,42,70,56,94,66,65,75,10,80,33,19,43,26,16,19,94,97,98,54,33,57,27,96,56,37,22,94,86,23,31,42,53,46,57,65,31,48,84,59,15,71,87,20,30,45,30,14,15,21,90,67,22,98,80,21,87,49,97,79,66,13,43,34,38,57,77,99,92,87,31,79,97,18,74,48,78,58,40,82
63,84,47,27,98,48,54,18,95,37,74,47,34,85,43,74,63,11,92,34,41,73,13,55,29,89,38,25,26,55,73,72,86,20,99,13,50,95,63,61,21,72,49,55,79,68,24,34,71,23,32,10,90,25,19,26,75,46,34,50,76,67,33,14,31,68,12,87,16,44,53,90,37,29,75,86,47,25,79,32,35,19,40,35,32,32,18,53,42,51,91,62
29,43,59,80,69,81,34,38,17,68,76,25,30,84,78,39,44,15,56,16,47,79,92,86,31,79,35,58,39,88,42,57,70,91,53,11,60,96,85,13,42,54,95,35,37,21,31,35,60,11,33,87,95,79,36,23,16,74,55,24,54,25,89,89,63,50,96,72,52,53,61,60,15,83,84,25,56,76,48,82,88,32,65,90,44,23,36,26,69,31,87,79,74
60,76,51,76,77,89,32,51,62,80,53,75,50,50,71,44,44,40,55,51,99,41,52,76,93,99,73,62,23,82,40,93,72,71,53,14,31,61,39,75,30,45,21,56,62,58,97,38,35,37,23,56,54,95,45,93,80,13,99,11,56,32,73,99,85,75,36,57,95,52,59,98,16,74,61,97,97,83,39,21,62,79,58,61,73,45,63,70,47,46,98,48,41,56
20,57,13,19,52,63,62,85,19,90,22,10,35,14,62,25,37,70,39,30,86,81,72,97,63,32,68,92,81,77,83,48,87,69,76,73,62,61,81,38,84,92,76,64,84,84,87,38,77,44,95,43,88,28,87,24,58,98,28,14,70,39,69,62,43,44,34,85,78,38,55,78,15,72,26,39,68,17,10,55,32,30,87,27,50,90,27,32,18,85,37,80,88,13,98
74,76,62,63,91,16,17,74,52,79,99,49,23,67,34,42,72,99,34,25,30,57,22,15,28,59,92,65,73,99,70,58,55,37,22,46,80,93,42,22,88,64,52,15,81,19,32,33,21,43,30,78,97,38,64,94,31,12,26,97,68,36,71,13,24,96,86,27,82,70,37,23,59,50,54,93,91,79,60,90,78,33,78,99,29,19,22,73,77,21,42,78,84,41,88,24
95,77,37,68,62,70,50,98,43,96,76,88,92,45,30,50,54,36,14,74,16,95,38,28,88,46,42,29,15,13,75,39,18,33,65,68,72,80,10,13,35,27,47,70,16,61,63,54,10,81,88,46,50,72,72,54,46,58,47,31,65,82,69,62,83,18,76,91,16,74,93,99,58,49,12,84,64,12,54,24,57,87,25,53,35,11,64,98,30,86,11,91,16,64,80,99,80
76,56,33,94,39,80,56,36,24,30,40,19,38,57,51,13,25,28,13,67,13,54,50,83,80,40,57,18,25,61,10,18,90,78,71,63,87,97,67,35,97,84,79,73,31,73,99,62,73,55,18,45,63,69,68,45,45,80,29,57,36,28,22,21,53,60,94,71,67,52,37,77,46,36,27,99,82,86,24,96,18,21,15,27,72,81,87,69,67,85,32,99,27,61,35,18,17,79
27,62,35,33,93,42,99,47,87,46,12,34,45,81,91,55,29,82,20,66,88,39,45,54,60,31,69,91,45,58,69,25,14,35,86,92,42,20,75,66,56,94,26,30,98,99,20,54,79,66,57,27,30,82,87,68,60,63,16,30,99,60,40,87,32,79,67,22,90,70,39,95,86,62,68,20,97,83,88,44,91,18,64,16,33,74,52,90,93,15,42,83,79,27,33,53,73,32,56
72,51,48,54,34,48,14,84,17,71,82,52,32,54,62,25,59,62,80,62,74,88,26,44,77,56,62,95,80,39,44,85,13,42,56,42,23,47,76,74,10,39,59,54,77,61,13,39,72,73,27,98,94,70,90,60,16,99,62,19,73,32,91,18,34,47,49,76,62,20,48,18,95,99,81,11,64,81,53,91,12,28,82,85,12,44,53,29,69,12,54,69,88,44,22,69,28,69,23,22
82,10,95,84,32,15,12,64,76,38,47,34,11,71,47,79,83,96,34,62,77,16,65,37,57,47,82,91,62,58,26,60,29,96,80,96,49,61,49,97,80,68,54,21,46,15,70,39,85,71,44,12,65,58,92,17,74,56,59,71,32,59,75,88,97,39,22,65,97,53,63,85,19,33,26,81,72,39,65,48,10,31,93,44,43,50,95,15,95,90,83,43,75,76,76,24,18,62,45,38,88
41,95,70,92,47,73,51,13,15,89,51,53,58,43,85,86,26,80,56,93,74,52,30,21,73,61,89,20,69,11,98,93,62,18,85,35,51,20,71,41,69,90,30,58,88,37,58,97,27,81,11,68,50,54,47,68,35,72,74,16,24,36,68,22,78,39,35,23,76,31,25,20,57,46,59,51,58,56,21,45,29,36,19,43,38,31,34,95,27,37,14,70,15,33,20,30,78,66,29,72,80,93
74,31,77,46,57,53,78,93,53,71,46,98,84,68,85,47,85,84,80,84,80,69,95,84,46,97,61,95,29,32,95,89,40,81,33,13,90,45,19,48,26,59,17,29,47,66,75,52,84,11,67,17,86,16,49,60,22,13,65,39,73,49,21,65,29,70,12,41,65,32,23,13,93,77,54,40,92,28,72,19,98,46,51,79,42,82,29,29,88,58,82,88,39,30,63,64,34,13,41,57,52,72,16
84,44,13,44,56,16,87,92,85,69,48,91,77,61,95,17,65,63,38,97,32,38,64,34,37,74,86,57,50,33,73,94,70,23,10,64,15,68,82,85,60,70,43,76,59,95,54,15,76,60,38,64,92,96,69,62,49,62,82,35,68,59,60,89,43,82,30,26,95,10,63,69,88,76,50,82,82,83,85,43,91,94,73,20,23,81,98,62,81,85,56,47,75,87,37,38,41,53,84,54,71,57,17,54
14,28,26,58,30,57,36,13,93,57,58,21,87,88,55,58,95,64,89,44,70,95,95,95,30,98,97,50,46,15,69,54,68,75,42,40,66,92,44,62,51,64,84,38,92,47,71,25,18,23,95,68,24,56,89,49,34,95,53,56,95,44,80,15,46,82,59,68,57,17,72,24,89,90,19,27,58,93,29,73,24,98,58,65,83,57,45,95,15,32,86,80,23,98,72,44,48,61,18,81,10,14,36,40,48
26,66,67,17,94,27,76,53,92,19,44,59,50,38,11,78,36,55,42,52,53,75,93,38,30,44,38,54,73,66,65,79,84,98,22,50,93,27,38,23,98,93,93,74,56,95,19,40,40,60,91,79,55,45,52,14,70,51,33,99,68,52,80,11,70,22,24,83,11,61,54,61,41,86,30,36,40,98,46,27,48,61,97,47,47,27,44,97,34,14,67,15,65,87,98,78,37,28,90,39,64,13,64,60,84,12
88,77,50,31,17,84,10,82,16,54,22,74,65,45,81,59,81,71,73,16,10,64,25,72,52,38,85,31,41,74,12,51,19,42,41,71,85,89,73,25,73,90,15,24,34,33,13,38,56,56,69,25,12,97,86,95,24,17,71,85,29,28,49,60,95,95,10,18,23,56,29,87,56,24,75,28,57,53,74,93,38,78,31,39,23,51,42,66,54,88,81,93,98,38,70,98,88,65,52,35,43,40,98,75,49,15,45
73,71,62,78,52,51,48,45,47,94,66,27,14,47,70,39,72,45,48,43,21,54,78,63,40,18,73,12,71,29,19,78,30,64,45,82,21,54,10,39,12,48,10,91,43,27,30,87,68,14,65,69,35,59,19,14,90,94,55,94,29,54,26,39,86,12,56,19,74,92,38,22,37,38,63,47,63,14,68,59,37,88,32,81,54,61,87,83,70,57,97,98,32,62,42,69,53,13,12,61,41,39,39,87,38,97,88,31
26,62,77,13,43,48,47,68,88,86,38,98,15,28,71,68,20,43,11,55,95,76,59,89,23,77,87,92,15,46,45,79,88,58,61,13,96,37,30,87,85,39,99,83,43,48,99,43,75,85,66,48,54,21,72,91,82,58,35,46,26,22,70,64,11,82,90,31,38,54,93,24,96,73,55,45,65,19,82,81,11,39,69,73,30,88,20,21,54,80,29,66,32,88,34,97,76,63,23,95,20,85,43,21,74,81,88,59,30
70,61,37,20,96,16,95,66,69,84,15,90,77,95,86,87,64,79,91,47,27,30,15,12,76,87,75,76,70,86,76,35,70,45,17,35,51,50,20,91,28,77,70,85,33,36,91,66,36,48,36,63,24,96,47,27,54,87,32,43,33,22,56,57,79,57,49,43,21,44,19,66,97,18,29,79,50,94,38,89,11,95,53,97,79,35,99,60,70,49,95,48,46,72,36,68,35,25,80,37,88,30,46,38,86,29,67,38,52,67
43,25,86,20,72,50,81,76,43,40,70,17,42,98,97,76,25,96,51,65,14,96,49,50,77,42,15,16,16,18,45,68,80,33,64,72,90,85,34,77,36,75,53,86,21,34,46,94,37,58,66,16,84,23,16,63,62,75,90,17,99,84,63,36,20,33,23,42,86,87,67,71,15,65,21,55,76,56,13,74,41,38,58,18,17,43,59,68,65,13,40,67,80,74,20,17,31,67,45,79,56,60,52,15,38,46,44,46,23,90,73
44,26,50,95,48,89,52,21,75,79,83,10,13,61,58,75,47,27,39,13,48,49,38,33,27,48,33,25,62,69,64,40,80,55,79,84,80,52,23,58,49,10,88,12,88,91,46,96,38,86,40,48,26,87,92,67,32,90,97,59,51,47,92,80,13,67,86,73,49,14,70,63,69,92,40,95,94,62,34,58,35,14,37,95,27,91,49,76,81,20,17,47,10,59,93,73,76,71,14,34,25,74,20,21,84,20,93,27,67,20,52,91
79,92,64,15,62,26,39,99,26,52,38,86,23,47,94,70,21,12,25,21,42,30,21,41,23,81,13,76,74,10,57,70,33,17,82,43,77,39,74,50,42,96,92,20,21,73,49,34,34,48,72,77,33,95,75,93,44,80,39,45,60,49,71,43,45,26,84,51,47,12,73,39,28,75,68,27,65,96,53,59,99,96,18,76,31,90,62,32,16,32,32,75,69,91,37,17,94,44,34,76,77,23,41,94,51,26,58,82,15,49,81,31,52
13,91,87,76,80,60,21,83,86,90,92,40,28,67,91,70,14,87,59,38,10,36,91,73,55,68,55,85,36,97,29,48,83,54,17,55,82,43,37,65,28,36,75,94,81,27,32,65,96,90,94,75,87,82,62,89,91,46,53,96,86,80,34,64,19,75,22,59,95,26,94,38,20,52,72,97,75,83,63,46,29,89,60,48,82,96,65,86,69,59,79,95,93,78,83,61,33,87,21,62,56,10,12,67,36,41,88,75,26,66,32,23,48,99
29,37,27,75,91,69,57,59,86,79,41,13,37,63,29,69,83,10,29,60,51,88,56,46,40,32,33,31,77,35,60,93,39,28,13,90,16,48,61,87,13,38,34,42,64,27,48,28,84,34,38,10,97,71,55,48,74,89,78,26,38,17,48,61,86,23,46,19,15,90,62,57,52,61,21,41,31,58,75,81,84,45,67,59,27,61,63,83,96,74,37,67,63,47,38,59,89,39,80,51,98,78,13,82,37,97,20,21,15,65,38,35,34,35,42
16,21,99,37,31,12,83,48,97,59,61,63,27,81,19,35,50,85,81,50,15,46,10,73,60,34,72,73,83,44,31,92,30,84,58,27,16,76,53,48,48,15,12,13,58,73,10,20,64,20,47,59,10,72,12,29,15,82,26,37,56,76,27,48,32,91,21,29,28,84,23,98,36,60,90,77,13,75,76,65,83,89,89,61,82,67,70,31,85,73,36,53,39,34,97,26,59,17,19,86,38,68,36,30,86,15,95,61,65,47,33,54,61,53,86,44
32,30,68,39,17,99,76,36,27,45,45,64,40,79,79,76,52,43,19,83,63,57,38,10,82,48,58,47,22,91,39,31,76,30,23,55,14,72,48,35,20,82,97,10,35,24,56,14,10,74,95,92,51,10,43,45,90,79,14,76,12,38,70,27,99,61,20,60,49,43,79,86,26,75,34,49,51,54,93,31,59,23,77,54,70,60,44,70,61,24,39,74,73,27,40,86,65,25,29,70,52,59,81,30,30,62,65,68,68,89,34,93,92,63,80,28,88
16,42,68,22,35,24,91,33,35,13,29,68,60,80,86,20,77,38,34,91,11,65,35,40,83,92,82,52,77,83,54,79,49,18,45,23,13,47,94,46,11,38,55,96,34,34,62,15,43,23,27,11,18,84,52,97,74,53,51,72,33,77,48,53,80,50,98,83,42,53,12,36,22,47,34,70,49,66,82,30,74,19,48,78,50,95,26,25,83,59,10,96,89,73,25,57,43,54,10,70,39,46,93,74,90,16,61,21,34,43,83,26,12,47,11,59,79,90
93,30,71,91,81,65,67,88,73,80,82,82,29,31,70,28,91,99,57,78,83,74,16,68,30,57,55,19,52,95,17,97,13,97,43,33,19,57,43,61,29,68,24,76,88,25,76,42,78,14,66,37,29,49,10,35,49,62,51,84,39,58,75,97,37,48,74,27,67,35,73,28,76,95,86,84,55,96,84,23,34,38,85,46,80,96,48,10,14,34,18,70,29,74,16,74,37,94,97,30,21,63,78,80,28,54,85,44,94,79,96,77,41,12,67,56,17,24,82
51,88,19,76,19,22,94,84,27,88,76,86,64,85,45,50,13,23,28,21,50,21,92,59,58,25,76,87,24,11,98,78,55,15,79,36,15,11,97,43,25,78,97,71,96,81,17,51,96,62,83,90,10,27,20,21,79,15,14,10,49,16,67,31,58,75,46,74,30,13,57,96,10,32,60,83,15,90,31,82,92,84,77,71,38,50,42,92,13,65,62,41,49,97,88,33,16,92,65,10,49,49,95,46,47,43,44,35,34,72,92,41,78,49,54,78,27,63,48,73
93,91,11,48,93,17,55,29,47,51,52,35,90,69,93,44,55,96,19,83,98,98,60,38,63,36,27,71,18,75,55,44,75,22,69,66,14,79,34,96,41,73,52,25,89,46,17,64,30,67,84,78,94,51,11,77,68,44,94,96,31,83,28,19,19,28,19,58,51,45,10,60,78,45,58,46,41,80,57,69,59,19,22,96,52,31,51,91,71,77,86,57,75,70,60,77,63,48,94,44,12,16,26,86,29,87,13,31,68,66,27,78,89,11,25,45,84,69,10,87,73
79,62,62,34,97,76,71,63,53,62,12,78,28,16,41,48,20,62,88,34,97,78,50,58,45,27,83,71,81,50,51,87,83,38,52,11,57,71,15,72,75,44,23,93,64,14,52,68,35,97,84,98,42,46,84,67,55,90,61,48,48,56,64,39,96,69,86,49,74,25,62,96,28,15,82,41,86,84,49,51,44,72,86,61,58,63,65,70,44,26,55,56,72,77,91,74,64,77,52,12,86,15,46,83,76,24,82,47,34,70,48,68,91,11,45,68,62,89,44,64,59,65
27,67,30,44,46,24,72,97,54,95,19,19,30,18,57,89,27,14,80,36,51,81,99,36,55,68,57,23,49,53,61,11,70,29,37,15,95,48,62,88,53,41,47,73,34,61,39,75,99,26,83,75,59,79,93,16,49,61,21,88,70,51,23,75,97,27,94,52,69,28,39,26,11,75,27,54,97,91,57,34,27,14,59,38,70,75,68,55,34,23,13,17,63,36,85,96,35,41,74,21,88,60,85,20,95,31,62,61,35,52,69,89,54,82,63,81,14,88,55,35,42,43,80
74,25,70,38,87,85,24,57,48,31,23,45,94,20,51,92,68,86,27,19,58,79,45,86,28,76,60,61,26,97,72,23,88,76,26,52,31,34,20,64,97,74,40,40,39,49,72,64,84,61,20,26,96,15,11,19,23,72,11,37,42,93,10,75,19,59,79,69,49,42,15,75,42,72,25,47,57,59,86,59,54,44,12,57,39,46,47,17,54,82,89,60,23,71,41,82,50,26,41,21,89,65,13,45,58,87,80,47,51,65,28,42,97,76,98,73,18,34,70,61,76,77,84,35
94,36,89,53,91,21,22,12,23,30,15,73,46,21,78,59,23,65,13,59,89,59,16,93,41,20,58,33,95,97,72,66,98,45,32,90,82,28,32,37,48,56,85,90,77,69,97,74,83,13,83,64,92,78,61,41,35,43,36,26,14,47,28,50,63,65,70,37,59,46,12,52,25,42,98,49,78,35,95,21,97,76,72,51,47,20,56,90,55,34,16,63,92,56,79,69,55,60,39,57,26,48,55,77,41,51,72,60,87,73,29,37,99,14,86,10,60,30,38,48,84,32,87,87,10
93,72,78,95,78,80,99,68,36,32,63,76,72,37,33,12,90,67,15,68,64,81,85,58,14,26,24,86,83,37,11,97,60,91,27,20,21,94,81,49,54,48,91,58,96,15,24,60,89,52,20,11,71,46,79,60,80,90,19,36,16,82,92,69,64,66,85,22,49,59,89,83,44,25,12,87,70,75,61,57,73,84,30,94,23,83,57,12,58,39,91,41,54,85,80,86,81,36,92,73,17,92,78,13,24,24,68,80,21,66,68,16,67,44,47,28,26,11,70,39,33,72,23,80,86,12
44,18,26,42,11,35,60,78,63,72,27,40,21,59,52,98,29,24,67,40,31,43,29,80,73,43,93,56,25,51,85,28,82,59,35,99,43,78,99,59,47,46,63,61,66,49,40,78,40,78,34,89,94,20,47,47,43,68,61,88,20,22,37,53,46,37,24,52,95,31,49,59,63,25,46,69,55,33,64,97,50,89,96,23,23,35,87,70,85,22,60,50,31,10,29,46,17,79,18,52,57,52,62,78,96,47,74,57,22,43,87,55,46,46,23,12,50,81,94,57,54,16,94,99,14,35,92
39,94,95,65,28,67,11,17,39,18,24,52,12,91,12,90,87,32,39,88,74,65,67,42,59,79,58,91,12,37,48,81,18,68,18,80,36,42,96,84,35,25,90,56,27,84,11,92,98,33,25,46,46,79,35,29,67,79,16,49,74,31,68,77,76,68,40,83,19,88,62,36,33,60,31,63,32,81,38,60,64,28,37,55,25,75,82,71,14,74,43,53,64,77,62,76,82,38,19,90,67,54,69,39,71,66,16,33,80,92,58,14,85,17,28,58,83,91,98,23,45,50,82,70,31,24,73,25
34,62,48,36,49,54,36,17,78,70,12,52,49,37,21,49,42,20,42,19,76,15,76,86,98,70,48,23,47,97,17,93,88,99,63,90,60,82,91,69,38,86,29,25,44,46,42,67,20,57,54,91,98,82,45,29,31,49,62,85,86,11,71,13,20,82,65,58,32,63,44,90,16,69,12,95,85,38,33,43,94,29,72,69,92,22,70,19,19,19,92,79,29,13,71,30,79,38,33,92,30,63,98,16,62,38,48,37,45,73,25,40,65,73,50,21,22,97,35,34,97,57,57,11,32,82,67,93,68
90,72,79,48,93,47,67,58,53,81,38,39,85,78,92,60,44,91,96,42,92,49,32,39,72,70,69,91,99,99,78,49,26,78,91,97,85,25,15,73,30,24,79,89,29,59,50,76,38,86,31,72,26,87,34,43,24,85,88,38,93,88,25,94,73,98,61,81,20,41,84,67,68,12,33,78,55,99,80,96,79,71,87,39,82,89,23,84,65,72,21,87,73,83,23,46,71,99,41,58,27,57,46,56,65,79,35,19,13,11,73,37,70,41,84,95,21,96,19,20,69,75,20,13,93,96,13,81,68,53
85,67,22,37,55,81,28,29,51,62,14,81,69,89,39,77,18,87,43,15,88,89,99,64,22,95,75,19,89,15,47,80,39,59,57,86,87,17,22,12,20,50,24,27,17,20,29,18,16,84,40,83,99,29,41,18,19,73,70,77,36,54,79,54,93,27,50,27,58,14,96,60,60,11,41,17,14,59,19,80,50,81,34,45,83,98,19,17,99,83,85,53,68,90,29,70,13,64,45,91,89,80,76,86,39,77,89,79,33,51,49,51,94,65,82,62,61,88,76,52,89,63,49,83,63,82,35,64,35,12,54
67,84,22,67,21,14,59,50,68,77,91,63,27,37,65,24,28,21,20,69,73,99,55,87,27,45,72,60,22,92,91,41,18,53,48,56,15,75,77,67,16,11,66,65,97,51,28,51,51,83,94,29,25,63,49,65,88,28,82,37,21,41,99,72,65,89,60,80,62,44,54,64,74,29,73,24,77,13,81,59,95,23,95,41,36,33,11,91,22,66,55,83,80,90,16,10,70,88,28,68,35,24,24,61,18,87,87,12,87,77,83,93,81,52,54,43,99,65,18,38,43,29,56,43,23,98,50,60,62,20,10,47
67,65,69,51,50,15,50,34,79,91,28,92,41,85,60,39,78,91,49,40,98,88,89,25,62,73,63,44,61,72,42,79,14,50,74,61,18,86,30,71,39,75,44,41,40,31,83,70,31,40,28,57,59,11,36,22,24,24,79,70,76,58,58,71,90,57,30,14,23,96,91,21,83,30,44,70,76,56,34,76,41,91,89,29,34,22,41,75,41,76,13,71,74,96,68,35,97,21,23,34,36,70,29,38,81,55,47,46,75,71,62,19,70,20,60,87,11,94,24,66,44,46,15,93,56,79,65,13,53,62,79,18,59
76,39,54,82,50,48,43,16,32,78,45,82,20,67,33,77,57,77,10,23,78,16,48,76,97,87,55,70,99,66,54,27,41,33,93,12,52,71,26,74,47,96,77,21,90,87,53,64,93,53,79,46,51,82,60,55,93,57,48,60,45,93,92,92,77,87,33,16,12,56,33,36,86,16,35,95,27,25,49,64,20,99,18,83,33,53,37,62,81,47,49,78,81,11,44,19,70,14,59,49,42,30,11,14,87,35,21,53,75,34,32,28,18,80,58,51,23,84,77,33,60,11,73,60,33,83,15,98,13,47,11,98,66,15
22,79,28,79,55,74,10,49,26,11,35,13,86,97,81,88,44,47,63,17,60,70,48,62,78,62,22,90,49,45,69,33,85,73,57,71,99,89,72,23,18,18,23,98,27,39,60,64,52,79,50,64,60,43,92,97,26,78,83,24,88,87,89,75,62,83,34,68,83,17,70,21,28,72,58,85,94,25,82,33,27,16,19,14,30,50,68,39,38,69,80,56,50,13,72,36,35,20,61,10,29,70,60,45,27,34,85,20,60,94,35,35,17,28,84,41,98,51,24,70,98,38,24,79,27,59,17,55,20,75,84,44,99,70,46
23,38,20,82,82,82,98,94,22,98,57,74,13,12,75,84,97,92,71,84,73,15,25,37,78,53,20,99,34,61,91,30,77,50,39,57,96,27,37,31,39,12,51,94,16,64,90,86,44,39,64,81,24,87,37,70,58,63,21,83,58,64,93,58,64,12,48,50,69,17,93,87,87,26,78,39,39,57,50,24,95,58,14,92,84,68,65,31,25,11,32,73,22,71,98,69,32,55,53,79,34,52,12,32,97,98,78,54,56,70,42,27,55,66,57,69,51,42,54,51,80,64,56,67,44,31,43,85,52,31,96,18,13,86,41,48
17,93,54,91,26,59,41,72,81,74,27,45,42,29,72,89,29,98,47,29,45,18,34,92,82,81,72,83,43,68,60,37,62,38,24,96,92,90,47,25,16,84,79,48,31,31,54,88,22,94,61,26,99,26,40,84,87,10,75,73,78,47,91,88,77,59,72,44,63,36,92,90,24,39,11,62,87,43,79,98,85,76,13,75,43,87,93,65,42,98,33,35,99,46,94,88,15,75,89,97,83,69,67,17,24,61,93,71,73,17,17,42,99,83,17,99,96,49,59,13,59,99,58,82,33,31,63,69,10,25,61,63,78,87,37,30,25
60,92,75,91,86,15,27,84,68,64,93,34,15,84,10,63,98,13,82,20,52,50,81,96,95,49,79,10,32,51,93,16,19,28,22,68,95,73,63,61,78,85,26,71,31,83,79,97,73,62,54,38,95,14,29,46,90,55,80,23,79,65,57,27,21,95,51,42,34,52,71,87,13,20,52,36,18,84,11,78,28,97,54,82,92,57,97,35,44,93,80,40,77,75,60,10,88,66,90,99,94,61,16,80,76,97,81,48,13,14,37,73,82,20,15,77,25,88,49,36,21,68,37,22,10,20,54,77,40,64,97,75,98,17,19,45,66,81
48,87,17,52,42,18,35,19,50,73,23,98,66,62,85,79,11,33,75,70,97,70,74,91,68,41,24,20,21,28,41,14,93,86,74,34,96,49,94,81,36,20,76,57,85,21,15,43,46,97,16,39,46,59,24,74,93,42,41,48,22,48,96,94,31,55,42,52,83,28,73,80,76,85,50,22,98,63,35,53,96,12,57,19,85,68,36,11,52,62,80,68,91,67,52,66,76,82,29,28,43,23,17,88,33,12,95,22,22,51,24,55,11,17,43,95,37,31,35,69,56,33,29,17,46,84,65,86,41,34,22,74,80,37,95,90,89,69,72
34,75,37,43,57,97,55,32,38,45,62,58,20,23,66,26,13,35,26,73,14,67,80,72,73,62,98,21,98,49,20,87,44,57,39,70,98,84,60,13,75,23,84,37,54,60,98,82,48,26,19,85,12,88,44,36,83,46,13,10,41,19,25,33,67,99,13,13,81,56,42,88,79,12,77,63,19,33,92,84,47,87,40,38,29,67,26,33,21,80,53,43,22,52,45,47,32,59,62,70,52,60,62,60,22,99,48,62,48,15,99,83,78,15,27,61,16,24,60,53,84,20,82,49,10,84,22,95,93,38,62,10,32,67,15,85,70,67,64,72
50,93,77,73,25,59,36,16,44,49,23,67,36,36,93,99,58,84,99,86,90,97,10,53,76,79,47,17,86,98,19,61,39,14,20,65,59,26,38,87,93,81,68,62,37,52,59,52,38,56,34,47,38,80,40,33,78,49,46,29,67,78,60,14,70,42,53,50,13,82,74,77,78,81,35,49,58,48,74,63,84,64,89,95,63,96,50,23,98,71,95,32,90,20,36,43,93,42,83,84,41,42,45,75,78,39,47,94,67,15,82,63,92,10,33,23,83,46,78,90,42,63,29,30,20,86,23,93,41,41,90,84,18,46,80,21,93,78,60,38,93
90,22,32,11,14,20,81,35,99,47,59,61,99,33,35,96,55,28,20,89,81,98,58,42,76,70,71,12,96,28,91,46,74,50,34,72,91,99,41,58,84,44,25,95,28,20,77,26,34,57,89,25,58,47,79,50,54,35,33,64,33,95,92,47,89,12,31,83,82,20,28,45,77,94,67,84,95,40,16,53,96,34,64,84,20,17,93,13,39,76,75,42,23,49,35,81,18,26,75,57,74,47,98,16,23,47,38,63,62,82,83,96,95,28,32,95,11,30,84,35,10,82,56,32,74,75,87,35,30,60,33,21,83,27,30,27,35,47,42,97,66,85
53,49,53,82,19,48,98,55,89,43,67,12,91,44,59,74,74,52,63,77,87,41,46,16,70,91,93,84,46,39,30,25,15,71,31,70,38,32,63,12,43,38,59,14,88,13,86,63,31,38,23,47,48,13,52,97,36,67,34,29,41,22,19,15,32,92,80,65,70,42,78,52,31,49,37,26,53,12,87,99,20,34,85,40,20,84,38,75,24,44,79,64,54,58,22,11,56,32,99,53,84,87,74,72,79,66,40,56,94,66,38,53,98,57,29,53,11,24,54,21,55,16,93,20,29,96,43,17,10,83,37,71,21,67,88,20,27,14,26,75,24,26,44
17,46,72,51,29,22,89,71,48,68,27,69,82,57,65,47,53,98,67,19,21,28,15,62,87,83,99,18,80,96,35,35,37,40,47,18,53,30,29,84,15,64,45,62,69,30,75,60,25,53,39,90,44,65,85,93,10,39,53,38,38,71,68,50,37,37,44,61,54,28,30,24,22,97,86,27,68,60,11,53,10,28,30,89,22,19,11,60,61,65,41,20,71,52,38,95,93,35,95,93,17,47,51,99,94,72,12,48,56,35,95,36,67,31,32,42,68,64,64,28,38,39,23,83,49,93,98,48,87,22,78,66,69,23,62,16,46,55,52,90,20,51,47,89
83,69,32,31,33,69,55,14,91,78,99,24,49,59,84,82,11,84,69,46,20,65,59,30,21,96,28,51,43,46,22,91,64,93,84,21,88,93,48,27,82,68,41,78,95,62,33,92,94,62,49,24,92,46,31,94,93,82,71,45,98,18,69,29,62,41,12,22,51,75,16,93,26,53,46,46,73,22,27,42,94,69,47,79,69,43,14,51,33,58,70,47,87,72,89,15,93,70,99,65,15,24,28,46,70,94,30,11,16,86,93,40,10,77,98,48,24,35,93,98,23,55,29,30,37,92,15,84,81,90,97,24,30,65,29,32,83,22,75,19,33,98,90,53,89
98,84,28,72,88,93,13,82,78,30,80,69,80,77,89,10,53,43,33,27,77,10,78,81,12,21,18,54,51,90,72,54,66,83,43,35,31,87,83,22,75,20,80,47,40,82,34,52,26,80,84,15,28,27,91,99,36,62,56,19,75,87,84,59,41,87,56,88,33,26,63,96,64,68,48,48,32,57,46,11,51,62,69,11,81,64,67,28,85,42,83,74,16,94,35,54,94,41,92,98,45,71,96,56,33,45,77,12,49,84,93,70,63,25,44,84,32,43,45,88,20,30,13,29,73,19,87,31,21,26,74,19,27,15,27,89,85,97,48,96,29,33,36,56,58,91
67,30,38,88,78,21,97,66,71,18,30,29,36,63,90,25,54,95,50,73,95,52,93,63,66,90,81,59,95,97,84,61,42,78,66,81,14,79,94,91,72,88,32,24,12,65,31,44,27,59,39,40,52,15,41,60,17,80,67,53,71,82,85,95,76,85,77,41,83,16,85,16,95,38,86,94,32,70,47,85,64,53,98,80,24,90,82,90,41,13,86,57,15,46,77,68,78,66,97,99,88,72,75,31,85,69,65,80,97,41,39,67,21,24,79,86,67,75,69,91,43,44,12,91,87,68,67,70,67,87,33,39,32,35,28,34,19,24,14,13,32,50,33,64,48,35,34
74,54,39,48,60,80,19,36,27,18,39,31,37,95,24,65,51,34,49,81,75,56,63,22,50,27,50,89,14,92,20,29,61,15,75,32,87,23,94,50,45,60,31,86,21,54,84,87,61,58,86,84,57,61,22,39,51,48,62,92,58,94,94,83,13,74,97,55,82,13,67,14,36,35,30,77,18,17,82,59,47,53,92,62,35,66,13,15,29,63,37,60,47,83,77,68,28,13,86,89,55,76,61,72,82,41,18,18,39,57,89,15,62,86,29,27,66,38,68,40,27,58,12,17,10,84,53,41,94,64,46,33,92,33,81,49,73,75,24,43,62,38,89,78,50,12,95,33
34,86,72,79,24,86,61,78,31,49,35,87,54,22,65,31,39,92,40,82,37,89,26,36,37,91,99,96,85,57,25,42,83,40,36,92,87,20,40,28,71,22,19,94,73,15,73,92,22,62,12,10,66,13,68,81,28,47,36,72,52,86,47,35,20,98,16,73,39,61,71,37,20,18,43,31,82,91,71,54,12,99,57,72,89,56,39,72,52,49,62,72,29,84,94,99,92,28,63,58,87,70,56,73,11,12,75,99,11,78,16,28,87,25,43,31,51,19,92,43,55,91,90,75,42,37,66,49,65,14,85,47,20,95,32,64,54,62,16,82,67,50,29,77,21,14,82,68,94
14,36,16,62,94,51,34,96,25,10,60,14,20,64,87,70,34,93,44,63,57,55,67,66,79,39,97,21,99,21,40,75,10,99,87,96,77,95,83,22,30,42,36,36,19,17,47,69,25,81,74,68,12,14,69,47,87,97,41,61,22,21,79,25,15,19,79,74,12,74,87,47,37,46,17,95,21,33,75,86,67,65,21,66,86,18,66,39,41,79,11,82,97,95,81,49,41,36,14,40,95,60,64,87,47,19,79,68,62,10,37,82,38,54,93,52,28,69,50,96,86,11,72,40,15,82,62,20,94,18,94,48,55,40,47,41,87,97,30,58,50,53,66,44,50,15,90,78,59,37
72,10,48,43,49,28,49,79,17,60,64,24,79,57,17,62,62,24,96,65,68,89,55,48,85,73,67,60,62,86,85,33,15,42,79,66,41,13,20,35,48,43,71,87,43,94,68,70,37,19,38,66,13,17,74,95,25,49,86,34,11,29,18,37,68,59,90,74,48,89,25,30,42,22,20,18,52,91,12,46,28,33,50,29,31,95,80,99,68,48,87,71,82,84,60,49,80,61,73,12,20,56,52,56,79,76,67,32,90,70,43,33,26,38,84,12,32,94,65,37,48,20,26,14,26,56,59,92,64,88,21,66,85,79,51,43,30,44,63,58,54,46,67,69,75,34,13,45,57,79,44
40,56,82,66,68,65,77,86,47,67,58,29,93,24,44,15,85,76,37,80,36,13,56,61,35,61,20,13,24,19,86,61,10,88,59,26,50,40,46,33,11,32,17,80,20,46,36,11,70,45,48,97,71,54,66,45,63,63,12,33,78,73,47,48,29,73,16,80,35,59,39,38,98,98,26,72,72,99,48,81,55,21,70,32,63,97,46,58,44,97,67,13,26,34,75,10,46,22,77,78,39,40,80,69,21,69,83,27,66,95,45,71,67,79,83,40,68,59,46,47,32,63,96,15,21,12,46,23,55,55,52,64,80,46,15,74,14,92,55,13,82,80,56,43,53,10,20,94,25,45,77,85
75,96,52,94,19,70,99,48,59,14,36,36,57,99,31,41,19,82,34,63,45,24,59,96,43,53,34,28,94,53,78,32,71,75,17,62,67,94,61,14,73,53,83,96,85,91,28,91,10,47,15,65,20,58,81,15,92,34,70,84,34,87,19,70,90,41,13,37,31,77,80,25,11,52,64,72,11,15,97,40,34,24,79,85,78,83,74,39,67,84,75,65,27,36,34,32,17,43,59,73,64,44,73,19,58,34,84,39,92,41,50,49,24,79,57,52,88,36,89,81,67,62,16,66,46,61,31,38,73,25,38,51,78,54,72,24,17,21,12,68,34,94,67,97,27,75,56,52,42,89,66,54,11
37,40,43,73,92,34,15,35,98,43,49,84,68,32,78,98,11,48,14,24,66,27,77,76,55,90,36,24,16,67,88,15,65,93,56,35,42,47,44,96,74,43,19,81,49,41,87,83,18,49,40,11,48,22,88,50,57,36,26,91,98,33,15,74,39,47,33,94,34,62,35,28,35,38,25,41,10,25,30,71,25,20,88,99,94,60,37,35,86,58,22,34,95,42,77,53,25,87,88,96,97,58,42,66,56,27,13,48,69,89,84,18,99,81,46,72,86,87,73,70,26,70,62,87,21,71,34,23,60,12,40,22,76,84,91,62,59,71,45,17,82,78,45,50,76,51,62,72,87,19,60,99,98,32
41,97,98,79,22,44,95,23,71,44,76,11,32,28,31,86,28,83,88,20,44,78,46,62,12,91,24,98,68,40,79,62,98,33,76,89,37,45,44,90,47,47,63,14,14,78,62,79,48,19,63,60,84,83,17,81,16,70,79,69,35,88,71,56,89,57,74,70,48,43,52,39,67,13,76,94,85,71,10,83,74,93,38,22,54,17,16,49,80,64,34,65,58,63,48,64,16,99,69,48,37,49,74,22,77,69,20,45,98,59,49,64,55,62,73,67,44,33,28,24,17,49,44,37,62,92,17,36,60,12,30,28,32,26,76,52,59,76,49,43,97,18,51,29,44,96,42,61,41,81,58,77,32,30,38
12,86,75,29,27,98,84,60,45,84,63,68,55,57,35,78,66,64,96,60,25,58,35,51,12,37,44,57,54,91,84,74,36,18,84,10,16,11,38,51,36,79,91,16,77,19,65,47,92,54,52,92,13,93,10,32,88,44,56,10,61,24,52,18,96,56,51,46,35,87,63,62,78,48,93,67,53,96,92,89,27,68,22,90,52,84,66,15,21,79,50,92,74,62,73,60,23,60,79,59,85,36,41,79,85,65,50,43,70,82,88,84,42,53,34,96,43,94,56,96,72,47,83,24,16,86,54,15,91,52,76,41,93,76,48,64,49,15,31,18,33,92,14,14,67,46,37,37,44,34,52,76,12,65,80,55
48,91,96,28,52,92,24,54,82,21,19,65,50,44,58,34,14,95,31,81,61,98,59,34,32,68,46,42,56,35,38,88,95,45,92,90,67,53,56,58,23,34,86,34,14,24,55,86,99,53,59,57,81,82,20,67,67,49,95,80,58,48,40,72,80,36,85,66,48,32,26,44,13,27,28,97,68,19,35,98,88,68,75,41,20,74,93,13,80,33,83,88,30,50,35,49,10,83,85,60,96,41,98,58,48,79,95,87,89,79,62,64,47,11,81,58,18,80,98,76,75,99,89,19,30,69,22,55,26,30,87,22,25,62,98,84,98,58,40,93,98,18,26,61,71,72,71,15,47,47,26,21,64,96,93,85,17
68,71,72,14,70,91,78,51,78,71,52,77,92,96,94,80,70,52,34,54,20,98,77,71,87,75,48,82,81,13,86,94,77,18,78,90,86,68,92,27,58,14,86,14,18,68,75,86,82,99,15,97,52,14,12,45,41,78,62,29,91,17,25,58,55,38,27,63,46,64,89,71,90,18,34,93,47,37,77,71,65,92,31,14,65,53,93,49,67,63,80,61,54,20,44,56,57,33,32,91,20,35,78,57,65,65,14,10,75,24,51,71,54,44,58,75,97,39,77,96,38,33,82,83,98,30,38,78,69,62,57,10,76,80,31,98,28,53,74,79,86,56,43,88,52,37,57,78,26,18,75,99,75,33,82,45,74,25
76,20,16,11,49,46,25,31,64,33,28,87,87,62,45,57,18,54,55,77,17,36,57,89,75,59,94,60,59,20,61,93,84,58,54,85,52,90,11,14,42,50,36,68,83,19,70,38,40,18,50,54,41,71,29,55,56,96,44,25,34,61,42,49,27,23,26,19,91,86,81,95,77,59,19,40,52,39,78,60,87,38,60,88,61,41,50,66,82,99,46,68,93,96,22,18,72,97,47,40,62,13,28,97,98,38,68,59,93,76,15,62,92,50,95,46,93,76,95,15,48,71,40,99,79,45,23,49,38,92,81,95,73,49,85,78,67,31,68,15,94,53,28,53,98,41,51,58,73,22,70,93,37,95,54,10,71,14,39
11,81,60,24,98,46,20,27,54,86,73,43,11,41,16,69,27,33,92,84,41,41,51,48,64,20,55,16,32,65,14,15,18,15,63,66,73,33,75,91,94,50,28,19,70,18,75,22,68,29,20,24,54,11,23,75,77,94,10,91,40,57,30,21,99,77,74,12,98,44,57,89,25,20,75,88,98,65,28,10,62,70,81,62,27,13,41,23,46,54,82,39,52,78,91,96,59,90,39,72,19,15,29,35,52,54,37,48,31,47,35,34,90,15,61,28,66,18,37,33,67,34,26,90,21,26,87,13,30,97,65,43,83,64,14,12,92,30,60,62,16,68,54,81,48,26,85,36,63,86,15,51,91,60,12,24,73,65,71,55
57,38,43,46,61,43,65,87,82,36,52,45,67,70,51,69,27,96,40,36,99,46,50,16,48,87,51,43,17,12,16,93,78,82,10,66,84,45,15,60,53,96,33,46,92,76,69,14,86,18,50,42,59,46,40,46,72,19,87,85,51,23,35,62,60,48,10,46,87,39,99,93,46,15,56,48,44,18,64,32,89,63,65,97,24,13,49,17,86,79,82,89,58,42,54,74,59,42,96,41,87,32,42,72,86,16,96,91,46,64,55,49,14,31,38,30,44,61,82,38,79,58,49,53,44,65,73,87,86,24,30,95,51,58,39,72,32,17,40,66,65,59,15,57,66,48,53,62,69,64,72,15,11,82,77,45,42,44,54,31,27
80,52,86,96,78,89,60,80,96,17,67,29,10,21,79,40,47,97,74,94,97,14,91,21,16,94,63,23,59,57,51,58,19,95,42,41,33,61,20,57,88,25,10,44,14,93,16,62,75,62,25,13,36,35,99,25,61,33,21,43,41,24,19,24,33,60,47,54,91,23,52,81,87,25,33,44,10,52,24,75,61,64,67,14,74,52,75,58,68,61,20,68,96,54,41,63,21,13,97,24,56,52,23,89,21,37,27,65,97,29,32,97,52,37,87,57,28,58,58,61,67,90,40,36,30,26,19,99,11,32,23,69,62,52,63,81,14,78,88,91,64,40,78,14,45,87,34,92,25,25,68,23,77,31,82,57,86,43,25,11,58,87
59,24,48,74,32,72,72,72,64,24,68,47,59,15,85,42,72,30,20,88,47,45,31,25,93,93,30,25,99,55,95,82,32,57,80,83,60,92,64,51,68,65,81,81,85,48,26,12,35,36,77,97,90,67,14,76,16,68,80,98,50,27,26,31,90,19,98,97,62,84,25,11,48,73,89,93,63,69,12,23,55,18,93,54,63,37,93,81,44,30,48,37,89,25,12,29,41,23,47,25,45,74,83,42,84,65,11,63,36,42,39,11,99,93,47,61,38,24,96,89,38,34,92,86,80,99,14,40,53,55,51,45,35,33,84,98,99,10,83,35,70,93,49,91,49,50,87,33,86,41,98,91,36,54,20,91,82,49,72,84,10,27,90
49,24,39,59,36,45,81,31,98,94,99,22,75,62,14,16,30,83,41,83,48,23,85,12,30,47,54,99,36,26,62,65,45,44,39,89,82,77,39,93,98,51,29,63,69,19,54,32,83,68,23,19,64,85,76,21,56,86,45,95,87,56,93,29,26,95,91,68,88,37,28,81,76,40,75,52,74,64,34,27,92,23,32,26,41,27,76,38,53,46,12,46,33,20,58,49,49,91,13,27,31,80,15,56,36,22,51,36,86,37,12,83,83,49,40,31,85,73,23,94,74,82,60,37,15,34,42,27,88,46,91,54,41,52,57,61,59,58,27,18,39,26,37,90,71,84,45,92,39,49,47,18,46,31,66,17,29,29,36,98,11,75,36,27
79,50,45,25,29,83,55,48,97,93,41,27,36,83,82,17,25,53,14,19,99,40,83,54,59,37,25,61,22,47,67,34,25,49,34,32,66,76,97,17,14,74,16,95,52,60,66,68,79,34,83,99,40,90,85,87,33,49,12,82,29,56,63,78,73,74,38,86,33,17,66,48,74,63,55,62,81,62,78,62,87,38,88,69,48,77,74,12,28,56,80,11,47,67,37,68,94,98,86,66,62,73,70,32,72,74,36,64,70,20,32,39,66,53,23,37,79,50,76,61,38,89,98,61,46,78,22,98,12,24,56,61,28,48,43,67,52,94,29,48,63,45,67,37,36,90,74,38,19,88,11,74,23,58,98,40,34,98,87,28,26,59,17,46,97
38,59,90,50,34,17,60,36,19,43,18,15,27,23,75,98,29,74,56,14,30,43,21,49,37,55,13,40,75,86,72,55,83,38,33,72,32,31,48,63,16,41,95,27,63,92,95,74,57,99,75,11,24,79,61,81,97,80,81,93,54,53,96,29,71,24,41,73,54,86,30,27,89,25,79,68,20,69,41,17,93,28,13,41,45,84,42,36,22,58,45,39,30,41,62,51,57,79,39,25,41,53,13,29,20,64,77,99,28,68,53,32,21,18,13,66,20,12,13,47,20,56,92,42,23,71,89,87,46,13,56,77,50,39,42,71,65,19,90,40,54,90,49,78,34,87,34,16,19,41,78,34,58,70,51,51,92,81,47,94,73,31,68,71,63,93
69,29,50,32,98,39,33,39,90,78,21,98,71,87,80,42,70,67,63,52,45,46,72,82,68,82,80,11,12,45,25,28,86,93,98,34,35,79,36,27,97,88,89,72,14,96,44,66,11,69,81,20,42,53,40,49,27,99,77,32,69,27,76,72,27,26,13,19,68,57,93,35,28,79,19,19,60,94,86,68,88,56,20,48,28,17,45,51,75,74,78,57,53,94,21,25,30,20,61,34,41,91,69,96,37,61,41,39,52,29,63,97,80,60,15,24,67,84,68,75,94,15,62,53,92,64,58,20,63,67,71,44,42,72,97,91,99,99,15,24,19,41,13,88,68,31,65,51,13,69,39,55,37,87,47,22,86,73,34,55,88,44,35,19,88,52,53
18,73,20,57,32,14,38,24,17,17,55,42,90,87,26,64,66,71,35,46,94,52,96,49,66,37,44,87,19,11,29,92,45,88,38,57,29,83,31,78,39,42,68,60,61,96,26,30,78,99,25,50,45,92,90,98,92,88,76,72,15,55,80,25,33,79,32,52,93,65,65,34,29,34,60,85,94,34,97,82,63,62,62,63,34,84,12,73,57,99,30,87,50,89,86,21,33,28,73,49,87,32,49,69,93,96,89,79,50,23,66,60,98,91,12,76,68,35,78,56,20,57,41,57,35,54,49,74,88,79,71,32,32,43,76,94,80,99,25,99,31,34,48,22,70,87,25,47,25,41,30,20,51,81,69,28,16,71,54,26,83,92,98,60,58,11,76,64
14,54,46,81,63,81,31,16,54,71,61,35,86,95,24,78,58,46,47,77,73,59,45,71,29,27,80,60,55,56,85,49,58,81,73,44,56,67,99,56,58,69,16,49,82,88,86,44,76,70,86,62,89,10,95,56,15,88,99,61,10,92,31,93,79,62,53,64,18,27,10,11,14,90,48,89,75,67,70,64,31,56,56,63,52,52,83,51,45,54,82,25,46,50,64,83,48,53,85,57,42,96,20,73,73,51,77,51,85,90,80,34,29,91,65,17,11,66,14,73,32,64,85,68,76,36,94,19,75,60,23,65,20,13,24,58,25,70,53,95,35,33,32,91,16,25,96,77,51,81,85,39,20,86,11,65,26,96,45,88,97,18,91,91,10,43,15,20,94
95,12,45,94,83,70,59,69,69,24,88,62,25,95,84,28,76,55,94,39,20,16,65,11,76,87,34,26,89,26,98,64,41,57,86,95,31,18,46,16,89,32,97,75,68,22,29,60,57,27,87,39,37,25,57,58,28,17,87,84,42,45,80,28,57,67,62,83,48,76,41,31,46,17,14,33,61,38,59,70,93,14,50,43,53,73,73,75,21,30,48,15,71,38,43,16,50,59,66,12,77,23,38,40,86,59,31,94,86,10,31,35,89,58,32,39,57,60,91,36,54,85,11,33,97,61,50,42,35,65,74,40,32,21,84,59,78,53,39,61,58,47,19,37,83,44,20,29,38,14,95,24,97,71,32,33,47,35,45,83,77,96,40,88,90,71,87,51,19,64
98,87,51,29,42,62,95,90,10,38,84,95,48,44,62,53,39,29,89,64,22,42,43,58,37,83,97,39,87,37,41,95,35,81,85,85,89,56,25,52,31,64,68,30,97,25,75,27,94,98,15,87,67,57,14,23,61,46,64,57,85,17,69,84,89,85,35,32,40,93,56,88,44,24,85,14,23,22,21,75,35,11,78,10,88,63,50,32,72,96,67,76,21,51,69,42,67,78,20,33,25,66,15,91,37,78,72,55,91,38,87,30,82,93,10,24,51,38,28,51,31,21,57,78,36,76,63,54,59,47,43,96,77,27,87,22,91,26,71,40,65,44,98,93,39,49,80,89,62,42,18,89,33,59,99,79,28,71,90,24,23,61,11,58,64,67,26,35,47,81,19
36,85,45,46,15,11,95,88,25,67,69,50,70,74,91,67,33,37,57,95,49,37,15,67,48,97,84,48,89,71,29,79,93,66,14,32,25,12,44,97,47,98,45,97,70,86,17,56,17,39,60,69,98,36,38,91,24,73,44,16,27,96,11,77,75,73,90,91,86,63,88,45,87,67,19,94,11,33,55,50,36,25,91,16,44,96,32,94,57,70,35,15,49,47,69,57,72,73,55,91,98,11,69,30,13,43,66,96,11,15,36,30,63,38,57,50,91,32,53,29,73,76,37,71,69,16,76,66,64,50,40,91,41,80,33,30,49,76,20,18,89,94,31,69,76,26,33,84,68,46,12,63,95,74,56,14,25,26,59,95,40,36,22,89,68,17,34,30,80,72,18,41
30,47,39,20,20,42,73,53,29,85,71,24,85,89,78,72,29,62,21,72,76,64,46,17,98,86,27,22,56,35,56,50,39,66,59,58,82,90,88,23,38,34,44,76,92,48,17,58,80,42,70,63,29,13,35,97,81,19,89,75,41,63,52,29,19,79,58,26,69,69,93,76,59,26,57,38,58,90,50,46,69,51,15,98,69,82,74,96,51,88,78,63,42,97,78,17,61,82,55,17,61,35,47,23,11,29,85,56,36,53,79,66,18,22,67,91,95,37,53,52,29,86,25,14,46,22,73,27,40,16,69,48,54,59,22,23,83,44,88,80,92,85,13,51,97,95,74,26,94,42,60,94,68,53,39,94,12,99,24,81,41,84,16,61,92,65,19,14,72,43,27,52,44
68,90,45,50,93,48,54,13,28,94,14,78,32,88,76,76,61,60,32,83,60,32,43,83,54,62,84,32,31,19,97,42,53,38,10,86,46,37,46,22,97,68,54,25,79,80,73,97,92,12,44,66,53,41,22,37,24,88,97,84,42,88,68,20,18,90,45,66,59,39,59,34,52,59,76,87,78,79,11,43,15,83,34,49,72,64,29,58,89,36,56,17,47,97,98,74,36,68,59,77,55,53,15,69,47,64,44,15,71,26,33,34,69,38,53,35,42,30,38,77,90,22,57,40,88,29,45,66,20,52,72,41,24,46,82,71,67,71,52,48,71,19,17,78,68,58,36,99,38,53,68,43,88,62,45,15,64,29,24,92,24,70,77,18,23,97,77,53,38,72,36,16,93,75
30,65,25,22,76,14,88,45,18,35,67,94,21,76,66,90,90,95,41,12,42,56,86,47,56,79,39,41,93,47,38,53,58,69,68,56,36,78,80,17,40,41,85,31,39,22,95,99,73,51,66,11,34,87,25,67,81,65,14,45,35,47,16,34,38,29,45,59,68,18,90,69,56,85,53,38,37,48,53,83,19,21,38,53,90,73,52,80,40,28,43,34,81,23,17,30,11,23,58,17,72,94,34,36,92,36,74,27,26,46,85,15,90,76,30,25,51,80,34,16,83,10,44,55,47,75,84,95,98,62,91,49,83,20,11,86,40,15,23,11,48,95,61,19,81,51,21,97,68,79,42,21,40,79,67,36,36,23,77,85,23,35,72,46,45,42,92,19,44,53,27,73,92,88,78
15,60,60,90,29,30,94,71,88,14,74,66,42,59,73,75,69,88,23,24,14,72,31,55,96,14,50,57,70,53,93,62,48,51,97,44,58,64,54,77,84,75,46,96,88,18,34,80,56,71,91,62,93,56,74,33,58,85,88,68,76,42,82,51,37,30,11,23,41,41,18,59,18,67,71,43,55,36,85,69,91,71,66,84,75,76,88,43,24,95,64,32,13,38,68,64,81,11,23,20,70,36,42,28,29,63,65,87,91,10,64,34,69,61,57,16,24,46,99,65,32,87,14,19,57,22,39,79,75,17,21,13,61,52,88,88,17,50,34,80,13,66,55,21,81,35,14,86,86,25,33,13,26,35,71,27,20,13,40,15,42,10,65,41,29,32,24,74,81,84,46,31,95,98,37,32
67,91,38,48,32,23,59,19,74,83,82,10,58,75,85,71,72,40,74,73,45,63,23,82,34,99,34,35,30,75,62,12,65,91,23,96,79,58,72,32,81,79,30,90,95,43,96,64,47,31,21,87,78,69,46,69,16,65,52,22,65,35,30,74,84,93,74,55,81,27,61,16,90,58,97,69,74,76,95,15,27,37,18,16,43,55,99,25,58,64,12,29,86,61,83,72,55,79,26,76,27,71,39,38,78,17,34,82,89,80,18,25,71,13,96,39,76,25,85,48,87,63,38,42,87,60,11,30,87,33,73,47,86,34,95,35,67,88,46,23,40,23,72,43,30,72,48,54,91,53,30,15,84,90,73,65,47,43,59,59,36,59,89,33,43,83,71,21,98,95,84,94,97,70,61,68,32
89,98,46,40,53,82,38,30,10,14,62,42,40,44,70,56,42,32,87,88,42,48,68,96,61,86,49,28,44,32,55,74,54,95,96,26,26,88,63,82,63,58,22,22,13,94,79,93,37,90,17,74,71,48,73,67,68,33,80,32,93,45,70,14,83,61,48,20,58,70,76,13,53,90,72,70,35,14,26,13,34,14,29,52,28,95,60,20,26,94,51,75,99,43,40,72,10,30,58,45,65,96,72,86,21,40,67,59,29,72,39,31,42,73,87,31,74,66,42,88,24,27,93,62,29,25,97,50,83,23,69,35,66,23,16,98,40,67,46,52,54,29,55,74,42,52,46,99,61,39,10,13,43,73,88,27,19,83,72,36,64,30,28,20,67,66,93,35,51,84,62,50,69,35,27,81,85,98
52,33,32,80,74,95,72,76,60,95,93,10,58,94,96,29,22,24,36,35,33,76,79,37,78,67,51,21,30,71,64,66,42,86,50,81,10,21,42,17,79,94,82,65,32,32,17,34,14,82,45,16,68,64,17,73,49,58,59,89,45,93,33,83,42,93,86,42,25,31,72,68,49,14,89,44,81,46,64,90,79,10,11,26,39,63,46,16,50,71,31,65,39,28,62,45,51,92,70,24,30,71,46,72,31,43,55,82,74,56,10,32,87,58,21,60,59,15,55,60,59,18,59,74,88,93,30,51,43,44,68,40,30,77,12,48,23,98,18,71,55,24,13,35,43,64,11,76,65,72,87,46,24,35,69,11,59,35,63,19,11,33,94,29,59,54,52,12,31,62,22,52,77,47,18,38,49,14,47
59,50,17,49,46,65,71,98,87,69,71,44,42,45,75,63,40,84,24,54,60,86,57,79,27,93,30,39,45,26,48,39,51,61,89,88,22,88,38,72,57,20,57,94,26,32,47,80,78,75,55,16,48,83,22,39,13,73,45,80,69,94,92,31,73,25,57,23,69,55,33,65,24,34,66,29,24,81,81,52,51,75,20,75,20,45,41,21,16,81,90,50,38,76,23,24,23,58,79,37,85,46,52,73,45,40,10,80,28,63,84,94,32,18,74,72,13,24,45,99,12,39,43,33,32,75,68,79,55,90,60,37,50,19,87,36,15,38,32,49,66,61,99,43,53,34,77,54,97,77,10,55,27,22,45,10,61,96,36,28,61,13,39,33,81,45,42,38,62,79,10,65,68,72,24,66,97,72,21,14
82,65,56,13,66,61,80,87,81,22,51,18,64,52,82,19,37,50,10,38,33,65,90,81,16,65,29,88,53,60,66,45,98,36,75,71,71,65,87,16,77,81,79,24,65,24,19,72,36,75,32,33,84,56,58,72,47,72,92,73,63,41,59,69,97,77,61,22,59,38,37,34,57,12,93,48,35,80,18,54,66,72,64,87,13,72,16,26,50,83,74,56,68,55,31,17,59,66,95,12,72,39,92,12,51,83,76,53,19,58,21,69,45,35,19,49,63,67,34,65,88,88,57,10,30,67,24,28,16,16,88,37,33,63,41,62,65,38,64,82,62,92,35,61,35,74,58,68,68,11,95,26,17,83,89,80,98,95,68,86,95,64,58,80,84,10,10,48,28,59,62,35,99,35,80,26,11,11,99,69,32
64,68,75,36,95,99,19,81,89,61,86,41,64,25,81,25,48,82,20,59,80,99,63,63,92,52,18,57,80,53,99,63,87,82,15,53,30,63,54,61,29,12,82,87,69,18,38,50,51,80,78,37,77,54,44,49,87,29,59,20,61,74,17,95,17,29,72,52,75,56,10,29,89,50,84,19,96,44,92,76,19,25,46,22,60,28,16,27,97,93,39,86,49,31,53,80,46,34,56,38,91,85,12,31,53,43,44,98,69,44,62,10,12,62,95,52,25,40,46,99,99,75,75,41,46,51,15,55,46,39,47,25,99,30,89,99,61,34,67,24,79,32,50,98,24,10,46,47,98,92,32,97,82,95,22,93,76,79,86,29,69,60,19,44,73,18,31,72,89,64,51,60,48,57,28,69,92,36,60,34,83,55
95,46,23,13,17,44,49,54,36,96,14,23,53,49,27,23,98,10,69,32,98,98,35,60,32,94,52,53,39,49,10,87,89,25,20,25,61,76,16,61,22,45,83,42,84,80,39,32,58,77,75,45,25,37,34,28,65,22,38,27,59,98,65,32,56,73,40,29,24,32,75,35,97,71,55,84,28,75,81,67,26,26,11,83,72,83,95,58,43,18,19,11,47,68,60,99,42,95,20,16,65,98,54,60,14,11,98,18,62,91,51,33,78,55,93,45,98,65,73,45,35,26,33,24,51,99,20,88,72,92,51,64,91,74,11,21,15,25,67,31,63,25,59,35,41,32,68,65,34,72,71,52,62,95,84,96,34,10,54,74,83,82,68,52,29,64,21,80,23,85,68,37,12,60,24,86,86,71,92,98,38,59,22
82,11,38,83,56,59,64,10,68,53,54,91,34,54,78,38,53,85,45,20,51,93,40,21,17,41,89,37,83,98,64,32,79,55,14,85,92,66,54,20,73,21,69,26,25,40,88,87,14,76,60,92,53,41,22,79,45,89,77,84,73,62,35,93,88,26,34,34,85,20,91,43,45,72,44,72,92,39,68,24,33,65,40,25,67,41,48,21,66,72,12,37,49,16,42,18,52,71,23,69,36,77,84,76,95,57,72,64,78,73,20,26,15,70,49,95,32,22,85,38,64,66,95,58,98,17,68,56,57,66,49,36,75,30,83,71,90,39,70,75,41,33,50,53,74,73,79,21,90,32,42,61,17,65,26,55,99,32,35,71,86,96,60,17,19,73,41,23,62,22,80,11,93,69,79,80,53,97,75,71,58,92,33,84
71,84,52,68,65,16,20,38,21,47,33,45,20,10,55,28,50,99,51,88,36,35,68,34,40,48,38,48,42,42,61,11,93,66,96,70,23,75,89,93,10,30,28,19,94,64,60,52,93,95,53,45,42,46,89,84,44,19,33,58,19,20,34,73,85,23,74,19,51,71,32,94,15,26,21,34,29,76,95,55,41,16,37,76,77,38,76,11,31,13,59,22,96,17,21,90,66,72,59,22,44,23,57,25,14,30,38,72,92,58,60,14,11,71,81,60,79,50,58,53,45,58,62,42,62,61,10,80,18,22,14,72,39,33,65,24,33,37,47,18,70,16,78,46,11,54,50,51,79,63,82,97,70,14,38,35,41,20,44,64,80,57,85,58,77,72,38,59,11,39,94,81,49,33,71,52,43,25,63,39,83,93,10,27,22
20,92,48,15,41,46,54,73,91,15,75,35,41,19,29,75,67,60,56,20,90,82,27,37,49,21,63,37,73,76,90,90,14,53,52,73,76,41,28,77,11,61,55,29,21,57,95,70,94,84,87,35,63,15,72,99,60,79,49,53,20,24,16,61,93,89,29,48,53,73,15,48,83,72,50,28,41,93,98,16,27,86,72,72,40,10,11,72,15,72,58,76,11,73,45,57,56,37,98,96,17,76,12,78,33,95,46,58,52,88,63,23,10,96,73,40,47,60,48,18,72,81,43,16,69,78,88,58,37,72,87,21,47,87,76,92,58,61,58,55,85,50,97,52,89,86,94,22,31,76,19,23,39,30,58,19,83,88,53,14,40,69,73,22,67,66,50,88,52,37,47,45,33,23,19,29,86,61,95,22,33,58,67,85,11,72
82,11,74,28,79,80,60,64,37,43,12,80,23,28,78,29,66,20,61,75,28,73,62,19,33,44,85,36,80,73,44,54,10,67,39,93,44,37,32,58,53,29,12,12,30,97,28,46,98,98,42,25,83,33,99,89,34,86,19,63,28,53,98,14,67,57,67,78,89,14,48,62,49,55,72,27,78,31,38,79,78,60,18,27,55,28,28,85,53,91,97,58,44,19,94,16,83,47,55,49,49,83,48,53,72,84,84,36,64,33,98,15,13,82,98,86,70,70,79,34,99,59,10,88,15,83,20,74,17,10,78,75,36,66,47,19,71,39,36,77,19,57,53,56,67,73,42,73,40,95,19,72,67,42,51,16,42,25,73,56,44,23,30,84,90,44,57,57,70,34,88,81,93,86,55,45,18,20,60,98,70,32,89,55,66,65,53
87,31,42,94,86,21,79,30,45,51,37,85,16,78,49,40,15,88,85,40,57,36,78,23,19,79,81,14,27,21,59,66,41,89,91,39,26,26,98,49,60,77,25,22,64,43,83,34,85,18,15,96,15,48,73,98,84,38,33,31,24,26,52,22,10,14,71,16,89,51,63,45,38,16,67,70,83,12,44,66,92,99,51,53,24,89,49,74,92,48,88,37,90,22,71,59,74,85,91,25,92,82,26,65,44,93,93,20,86,57,56,15,47,65,20,80,20,45,98,52,54,60,32,66,20,19,66,97,51,67,19,64,83,26,92,86,91,61,26,49,82,69,87,48,93,25,84,98,31,92,14,89,86,15,86,90,12,42,78,76,64,34,10,46,53,15,12,55,70,85,70,68,77,96,69,87,19,92,97,94,55,52,51,17,28,31,62,76
52,59,50,25,54,21,15,67,14,56,37,44,23,15,92,10,86,64,64,81,63,11,52,94,29,21,82,20,71,53,90,98,86,78,68,60,33,80,28,26,20,26,49,31,25,43,59,92,77,81,93,58,35,64,43,76,37,19,43,45,83,16,67,11,23,36,22,68,71,66,18,18,16,13,12,45,88,56,96,39,59,29,99,24,84,10,95,37,62,73,34,40,35,82,83,48,48,36,95,51,98,74,34,75,50,87,33,11,70,79,43,50,49,27,14,10,80,44,98,60,62,23,39,18,53,98,21,54,46,90,92,68,31,20,98,10,47,56,32,88,15,12,50,19,30,38,91,99,81,89,69,73,82,25,36,54,41,14,14,12,50,50,57,92,13,31,32,97,54,87,96,23,62,67,95,55,10,76,18,41,87,61,49,90,18,17,29,63,17
34,43,30,42,69,77,79,39,37,86,50,20,60,85,24,65,30,91,23,53,70,81,25,83,14,39,13,38,90,59,61,63,95,95,31,94,32,29,47,38,71,12,91,27,69,33,68,96,93,95,58,62,64,99,33,60,99,72,97,88,85,57,20,31,53,88,11,79,62,61,78,72,36,72,70,88,69,77,78,68,76,99,82,90,50,57,65,94,16,29,32,39,20,66,90,64,27,88,40,74,24,80,52,92,77,40,96,56,73,35,32,59,63,70,90,51,56,78,38,70,86,55,34,98,69,88,96,91,36,22,64,59,85,73,51,82,16,45,91,29,65,33,60,50,91,32,48,36,46,25,44,79,30,85,44,91,50,33,34,19,23,53,37,70,12,93,85,26,50,45,69,98,38,11,35,85,18,11,19,53,71,51,83,59,62,73,31,60,57,68
11,11,74,64,81,79,45,31,70,44,68,52,43,39,55,92,17,51,19,55,97,95,96,77,67,76,50,75,18,67,54,96,36,64,13,97,26,98,21,38,21,64,76,51,84,84,85,67,67,19,91,59,81,77,67,72,49,12,86,29,44,20,36,75,17,28,70,29,52,61,75,41,87,17,76,85,55,20,28,15,10,89,49,64,29,65,75,16,57,98,86,65,40,54,79,95,28,55,36,12,90,89,26,41,61,20,33,94,70,68,25,27,73,70,65,63,59,57,87,58,72,88,13,65,25,62,41,81,93,67,48,32,97,61,94,16,30,23,27,84,58,42,35,63,60,77,37,96,51,94,46,29,70,74,46,98,69,15,53,91,56,77,28,54,54,63,23,60,79,35,26,40,82,72,29,58,43,78,72,42,62,19,82,14,48,59,46,89,43,25,18
32,99,95,51,20,53,39,32,98,98,19,53,69,79,25,64,27,70,97,51,27,41,13,79,76,83,27,40,46,38,81,44,58,28,69,65,61,54,76,21,33,58,60,34,45,17,39,62,29,72,64,97,73,82,93,91,98,96,81,87,23,44,85,55,40,29,47,25,12,38,40,46,65,31,64,41,29,12,63,10,43,77,96,27,37,70,99,72,53,36,36,15,99,86,14,61,14,91,83,70,17,39,75,71,18,88,48,79,90,66,99,54,75,44,11,96,70,84,67,69,66,46,56,13,42,38,63,30,35,57,15,43,16,57,74,25,97,19,14,39,88,56,77,40,24,28,95,31,89,64,75,18,50,86,85,34,31,58,99,35,39,86,26,60,97,19,73,30,35,91,48,13,62,60,98,31,45,35,87,93,36,27,97,82,74,87,80,41,43,37,78,22
75,81,67,58,52,43,13,70,21,11,51,72,39,13,93,97,90,67,92,82,99,25,17,11,71,15,92,95,78,81,11,41,78,66,79,64,56,24,78,67,93,95,75,16,37,71,11,84,89,14,57,57,15,65,92,55,24,10,25,93,64,10,91,47,80,26,51,26,35,51,25,78,85,41,45,36,72,43,96,48,90,28,41,15,58,57,38,83,41,64,76,17,43,37,22,52,23,54,52,74,75,72,34,32,32,81,31,48,62,20,72,95,37,35,40,22,99,89,65,36,36,20,54,17,82,39,16,26,91,57,32,79,27,46,45,41,63,92,92,11,57,23,72,92,47,31,96,33,99,78,96,59,27,39,16,95,79,47,92,47,23,76,14,75,47,51,45,57,55,76,51,12,88,86,44,78,43,14,14,83,11,34,41,56,42,40,50,82,34,25,94,15,52
97,52,70,91,82,78,67,21,75,92,96,21,29,88,64,99,76,58,35,23,98,14,13,65,62,37,49,41,65,26,29,45,16,16,83,67,26,88,95,67,37,26,45,16,70,91,25,97,24,61,74,61,67,33,87,99,46,25,47,79,15,30,43,92,54,67,88,26,26,75,65,92,26,49,91,39,44,85,85,57,88,90,22,17,32,10,83,29,72,49,74,39,90,26,32,25,39,87,60,86,91,23,89,25,39,33,56,84,90,59,91,48,84,77,47,70,16,59,92,14,69,19,23,57,75,89,10,97,80,79,77,68,91,61,93,50,24,27,45,58,45,68,35,25,37,53,81,56,89,77,88,12,59,14,51,61,82,63,12,30,14,87,52,23,26,12,27,71,81,50,28,97,16,52,22,19,80,83,44,34,74,44,57,31,55,16,95,65,53,46,16,48,12,76
46,83,24,72,80,60,96,32,42,44,64,33,13,60,30,35,57,47,64,15,77,43,85,27,98,97,45,29,36,42,61,53,37,33,64,40,85,33,63,31,90,22,76,49,84,19,75,29,71,42,38,13,81,72,27,85,21,37,56,47,62,46,71,31,68,96,21,69,20,17,34,99,79,86,69,27,56,26,78,11,42,71,70,91,76,65,81,38,28,26,56,87,90,73,46,69,84,50,27,11,97,60,59,58,74,38,33,79,54,77,40,64,42,86,90,43,92,96,71,83,32,18,86,78,32,82,44,44,23,17,75,47,69,62,56,54,83,96,97,60,85,28,34,70,70,24,65,23,21,66,57,68,72,20,61,49,53,37,40,51,24,83,66,19,45,54,98,49,24,38,57,57,91,57,22,31,69,98,72,41,24,59,84,50,89,97,30,34,77,86,14,86,53,25,75
46,44,45,78,95,71,27,32,64,27,68,10,42,10,95,27,14,66,87,83,12,74,41,20,43,21,26,46,71,59,90,82,30,87,98,83,58,41,64,94,90,25,99,94,24,65,20,13,77,52,61,70,40,70,84,63,68,17,26,44,13,98,73,82,80,45,18,36,12,42,63,61,19,51,58,94,68,50,45,98,37,34,34,96,18,85,91,41,20,28,34,25,69,49,18,41,49,85,16,44,95,75,43,53,78,58,75,89,81,60,39,86,81,50,25,33,88,36,78,25,68,67,56,16,22,50,46,45,11,57,55,34,59,75,77,27,88,28,53,31,68,60,21,12,61,64,86,75,55,12,69,75,43,21,40,55,95,44,97,35,19,71,12,67,60,99,78,91,33,47,51,54,54,59,54,27,34,65,68,38,13,20,44,32,53,90,74,43,43,66,97,56,49,96,16,78
11,42,55,40,18,13,21,47,38,58,60,99,35,75,52,93,75,15,28,84,64,55,60,89,11,61,84,34,53,61,82,57,39,47,42,70,83,55,98,69,85,70,39,40,67,32,77,28,31,81,67,58,61,48,40,95,22,13,87,87,54,15,26,66,93,90,31,75,49,34,62,59,19,34,72,27,70,91,39,24,77,98,76,22,63,81,74,60,49,26,26,10,65,96,67,33,36,74,81,28,88,27,85,15,91,59,77,31,71,68,37,42,35,26,52,59,56,31,15,27,64,97,79,14,45,29,19,23,37,99,57,50,22,32,43,37,76,23,45,78,47,56,53,93,21,10,25,74,93,23,81,88,67,49,57,52,55,11,83,86,65,62,38,90,74,29,70,66,24,58,68,46,29,20,23,15,57,37,58,65,24,24,97,53,69,47,72,51,19,75,53,56,70,66,18,50,96
81,77,95,55,42,37,57,79,40,90,63,78,20,45,19,48,42,99,12,30,93,90,15,65,76,35,15,14,72,10,93,61,83,72,44,88,75,22,11,67,57,92,96,43,96,41,88,57,10,61,18,25,90,97,69,70,79,26,36,37,99,78,23,75,20,30,22,45,64,73,49,35,97,23,10,87,34,82,58,62,84,86,84,23,44,47,59,36,76,46,67,25,95,30,43,42,94,30,19,71,22,92,27,79,92,61,73,44,33,62,40,63,48,40,81,10,45,21,43,74,16,80,10,83,12,42,63,58,36,33,67,53,89,34,31,45,98,99,83,24,29,76,26,55,45,86,19,65,84,41,10,46,90,62,66,22,52,56,70,35,17,17,41,88,55,60,44,97,41,30,66,83,39,51,27,64,80,61,73,26,65,95,53,33,37,88,38,23,76,79,86,12,30,82,38,89,97,56
95,13,42,36,25,19,87,32,56,72,99,49,10,54,41,98,21,43,30,94,92,48,61,86,35,81,70,70,79,20,82,47,25,85,45,13,88,41,21,60,96,66,76,80,85,39,57,92,80,95,67,15,82,63,19,93,78,86,26,12,55,76,61,60,19,50,56,84,50,13,41,98,15,18,28,74,47,26,45,65,62,37,90,49,81,59,25,37,52,46,37,11,82,61,44,89,39,42,21,77,70,30,78,81,19,92,35,58,64,30,26,27,27,35,26,46,15,80,11,85,32,28,35,72,28,22,57,97,83,77,98,82,10,42,74,99,73,17,24,39,52,45,62,47,14,25,67,50,38,77,28,50,85,95,56,23,63,56,55,27,29,12,49,34,53,64,31,30,35,91,14,51,96,12,20,68,21,93,65,57,58,62,87,92,23,73,63,72,38,83,54,86,93,30,38,21,35,57,94
92,32,61,30,12,84,83,94,35,29,74,79,27,75,80,51,24,33,35,87,34,49,59,38,98,18,49,60,67,85,97,15,49,74,87,31,54,55,46,65,42,98,78,84,19,68,60,25,62,27,52,10,29,42,84,19,63,98,47,14,22,86,21,26,12,58,81,51,95,46,22,38,75,35,75,59,88,24,58,81,77,97,59,67,18,93,68,44,42,65,71,61,42,74,78,86,81,55,38,70,23,38,25,84,68,52,14,20,78,75,73,83,38,61,79,66,89,63,37,56,67,37,29,99,55,37,99,82,91,90,64,49,56,87,51,17,59,36,89,47,81,73,20,52,63,26,69,85,43,13,85,84,95,49,14,92,53,14,61,77,91,10,81,77,70,67,93,70,43,66,40,80,34,91,50,98,90,34,11,93,36,93,31,26,99,49,35,49,82,28,47,30,45,31,88,90,18,28,74,79
